500	0.023800391734632175
502	0.022936313880605703
504	0.020588788645833182
506	0.01717209973698458
508	0.013258957524600833
510	0.009481419254992386
512	0.006428817589135412
514	0.004558835945879353
516	0.004134343152003661
518	0.005193518848283022
520	0.007555124220669493
522	0.01085542132168648
524	0.014608969002438875
526	0.018282817540279585
528	0.021372688779546737
530	0.023470486760331
532	0.024314630706239987
534	0.023817781031106443
536	0.02207001542131815
538	0.0193188951156231
540	0.015930710084184164
542	0.012339200051616227
544	0.008989057682889002
546	0.006281519077112989
548	0.004528450998117654
550	0.003919765370182844
552	0.0045069969316358215
554	0.006203752932345972
556	0.008801747638847675
558	0.011999484123188024
560	0.01543948972120361
562	0.01874942360127174
564	0.021582356468873885
566	0.02365201211904733
568	0.024759649395536706
570	0.024810412908490356
572	0.02381824283975313
574	0.021899666112669653
576	0.019257871359171324
578	0.016159306914922587
580	0.012905578374479478
582	0.00980364021681165
584	0.007137188285846741
586	0.005141807794594889
588	0.0039858764069892255
590	0.0037585368585953977
592	0.004465314808362482
594	0.006031237291861026
596	0.00831066719929404
598	0.011102557124781054
600	0.014169472451385057
602	0.017258552080210796
604	0.020122562986449363
606	0.022539345090247624
608	0.02432820834571502
610	0.025362199983702767
612	0.025575568655674362
614	0.02496617612442485
616	0.023593011581078717
618	0.021569319558614023
620	0.019052137734920743
622	0.016229241512680175
624	0.013304601927404304
626	0.010483483399662475
628	0.007958245761482243
630	0.005895783561015352
632	0.004427351111808532
634	0.003641302255383299
636	0.0035790379063473407
638	0.004234219768038193
640	0.005555090726413161
642	0.007449554083283853
644	0.009792514349673773
646	0.012434877582676784
648	0.015213551486590548
650	0.017961773735391956
652	0.020519127437585168
654	0.02274066936289441
656	0.0245046919084706
658	0.025718755300413586
660	0.026323753409096533
662	0.02629590627900177
664	0.02564669725807007
666	0.024420885798681322
668	0.022692823308452032
670	0.020561375089048803
672	0.01814380420622391
674	0.01556900237463403
676	0.012970459271823677
678	0.01047934694275892
680	0.008218062881471562
682	0.006294527421370913
684	0.004797472091043613
686	0.0037928896260462286
688	0.00332174733662175
690	0.0033989972259743217
692	0.004013851926101218
694	0.005131237925325803
696	0.006694288848814535
698	0.008627703217386696
700	0.010841763999483842
702	0.013236801618548445
704	0.015707877557060115
706	0.01814947150202456
708	0.0204599699078735
710	0.02254577642303213
712	0.024324893155826647
714	0.025729854469078883
716	0.026709930110508758
718	0.027232550301383867
720	0.027283940352152355
722	0.026868985076642943
724	0.0260103725912983
726	0.02474709212145737
728	0.02313238056451739
730	0.021231227411971955
732	0.019117557088348183
734	0.016871211930171628
736	0.014574858204764717
738	0.012310932223621745
740	0.01015873433336754
742	0.008191766055621079
744	0.006475390637736451
746	0.005064880533137687
748	0.004003897607124798
750	0.003323433879321799
752	0.0030412230260277047
754	0.003161616256311794
756	0.003675901036629843
758	0.004563027863858274
760	0.005790699168019363
762	0.00731676565428729
764	0.009090869062303154
766	0.011056266431954719
768	0.013151769439788845
770	0.015313733059978329
772	0.01747803050093984
774	0.01958195582055833
776	0.021566001544317637
778	0.023375465696174547
780	0.024961850588332352
782	0.02628402419223072
784	0.02730912363016735
786	0.028013189006224938
788	0.028381524184374337
790	0.02840878900024254
792	0.02809883457562355
794	0.027464299743054154
796	0.026525991971198773
798	0.025312080537181335
800	0.02385713298187428
802	0.022201028104277643
804	0.020387779927349046
806	0.018464307252227453
808	0.016479182685333157
810	0.014481393466123505
812	0.012519144148290069
814	0.010638728311423859
816	0.008883493122535736
818	0.0072929168538410725
820	0.005901815513756727
822	0.004739690680636246
824	0.0038302265524257947
826	0.003190940240586879
828	0.002832985532545174
830	0.002761106800652359
832	0.002973736511267914
834	0.0034632269358797
836	0.004216204224673448
838	0.005214030996208138
840	0.006433362037119305
842	0.007846776593907161
844	0.009423470065339173
846	0.011129987650116883
848	0.012930982643644564
850	0.014789982576907269
852	0.01667014721132804
854	0.018535003503972983
856	0.02034914399296364
858	0.02207887657755925
860	0.023692815334968177
862	0.025162403781318125
864	0.0264623638038468
866	0.027571065324284154
868	0.028470813561735166
870	0.02914805251296868
872	0.029593484928704592
874	0.02980211061041001
876	0.029773186261820152
878	0.029510111385911003
880	0.029020245808772847
882	0.028314665328429377
884	0.02740786272480479
886	0.026317401926195794
888	0.025063533510623175
890	0.023668779933240215
892	0.022157498922171753
894	0.02055543338560556
896	0.018889255935415968
898	0.017186115771256172
900	0.01547319519920175
902	0.013777282496616906
904	0.012124367196291841
906	0.010539263164381257
908	0.009045264104352331
910	0.0076638353485459
912	0.0064143450148697765
914	0.005313836822400547
916	0.004376846088961286
918	0.0036152596877246485
920	0.0030382200284650536
922	0.00265207246142524
924	0.0024603548849916686
926	0.002463827778681235
928	0.0026605423848998335
930	0.0030459443298595634
932	0.0036130096079623874
934	0.004352409555699754
936	0.005252701210404955
938	0.00630053928473441
940	0.007480905887353178
942	0.008777354080978114
944	0.01017226138701299
946	0.011647089417273736
948	0.01318264593305696
950	0.014759345795012693
952	0.0163574674686905
954	0.0179574019847878
956	0.019539891514608096
958	0.02108625500456168
960	0.02257859861341923
962	0.024000009007263987
964	0.025334727884803777
966	0.026568306425224283
968	0.027687738667802653
970	0.02868157314308554
972	0.029540002376005854
974	0.030254930168688236
976	0.03082001684211796
978	0.031230702868966828
980	0.03148421156275208
982	0.0315795316996109
984	0.03151738113715889
986	0.03130015265940355
988	0.030931843417070743
990	0.03041796944890285
992	0.029765466861709736
994	0.028982581315682373
996	0.028078747507484243
998	0.02706446036784087
1000	0.02595113969393681
1002	0.024750989921202816
1004	0.023476856705456326
1006	0.022142081936435624
1008	0.020760358739127675
1010	0.01934558794161302
1012	0.017911737399171686
1014	0.016472705465768095
1016	0.015042189797504485
1018	0.01363356255982294
1020	0.012259752992780324
1022	0.0109331381681468
1024	0.009665442649875733
1026	0.008467647647016095
1028	0.007349910126705461
1030	0.006321492235649606
1032	0.005390701262558791
1034	0.0045648402623283055
1036	0.003850169356172774
1038	0.003251877621203951
1040	0.002774065388687839
1042	0.0024197366829673125
1044	0.0021908014531865747
1046	0.0020880871778197695
1048	0.002111359357794135
1050	0.002259350357823659
1052	0.0025297960074631134
1054	0.002919479333301413
1056	0.003424280761511961
1058	0.004039234105473407
1060	0.004758587636112428
1062	0.005575869522697865
1064	0.006483956928674052
1066	0.007475148050377135
1068	0.008541236395700985
1070	0.009673586614519827
1072	0.010863211212470511
1074	0.012100847504050303
1076	0.013377034189424616
1078	0.014682186971343889
1080	0.016006672663677418
1082	0.0173408812807594
1084	0.01867529563657799
1086	0.020000558024310385
1088	0.021307533589412408
1090	0.022587370052952856
1092	0.023831553485757734
1094	0.02503195987779668
1096	0.026180902290774882
1098	0.027271173424725827
1100	0.028296083471269832
1102	0.029249493166806806
1104	0.03012584199802261
1106	0.030920171549486373
1108	0.03162814401860921
1110	0.032246055956672265
1112	0.03277084732586955
1114	0.03320010599125011
1116	0.03353206779300125
1118	0.03376561236862781
1120	0.033900254916222915
1122	0.0339361341091737
1124	0.03387399638931178
1126	0.03371517687972478
1128	0.033461577170234236
1130	0.03311564023797398
1132	0.03268032277264218
1134	0.03215906518093176
1136	0.03155575954746544
1138	0.030874715830369326
1140	0.030120626568533686
1142	0.029298530374739014
1144	0.02841377448430097
1146	0.027471976622828503
1148	0.026478986449232952
1150	0.025440846821393928
1152	0.024363755122019347
1154	0.02325402487136043
1156	0.022118047841681875
1158	0.02096225687588554
1160	0.019793089599542495
1162	0.018616953201949026
1164	0.017440190447788034
1166	0.016269047066664984
1168	0.015109640653298851
1170	0.013967931196595796
1172	0.012849693341296755
1174	0.011760490471467273
1176	0.010705650690873883
1178	0.009690244761330957
1180	0.008719066046486163
1182	0.0077966124953050085
1184	0.006927070686753819
1186	0.006114301944944783
1188	0.005361830522317236
1190	0.004672833837334863
1192	0.0040501347427054695
1194	0.003496195790312499
1196	0.003013115449894923
1198	0.002602626230052383
1200	0.0022660946423815505
1202	0.0020045229424884158
1204	0.0018185525752571628
1206	0.001708469246094628
1208	0.0016742095349007288
1210	0.0017153689652270748
1212	0.0018312114374669523
1214	0.0020206799319530204
1216	0.0022824083855011034
1218	0.0026147346432147485
1220	0.0030157143862220874
1222	0.003483135935438031
1224	0.004014535831395732
1226	0.004607215090646915
1228	0.005258256040162124
1230	0.005964539632534269
1232	0.006722763146573774
1234	0.007529458180056569
1236	0.008381008843895118
1238	0.00927367006984575
1240	0.010203585946980974
1242	0.01116680800553734
1244	0.012159313370349265
1246	0.013177022709879771
1248	0.014215817910820484
1250	0.015271559412337982
1252	0.016340103138258184
1254	0.017417316969772004
1256	0.018499096705613092
1258	0.019581381461042425
1260	0.020660168461386387
1262	0.02173152719026889
1264	0.022791612857053587
1266	0.023836679152325967
1268	0.024863090264508572
1270	0.025867332134876263
1272	0.026846022932320895
1274	0.0277959227331814
1276	0.02871394239531248
1278	0.02959715161927383
1280	0.03044278619310792
1282	0.03124825442058641
1284	0.032011142736086524
1286	0.032729220512349465
1288	0.033400444070319196
1290	0.0340229599030108
1292	0.03459510712795432
1294	0.0351154191851601
1296	0.03558262479978663
1298	0.03599564823074053
1300	0.03635360882831175
1302	0.03665581992564113
1304	0.03690178709033875
1306	0.037091205763919936
1308	0.03722395831790362
1310	0.03730011055643248
1312	0.037319907696126295
1314	0.03728376985457719
1316	0.037192287079442166
1318	0.03704621395048468
1320	0.03684646378718293
1322	0.036594102494644246
1324	0.036290342080568305
1326	0.03593653387587575
1328	0.035534161491388154
1330	0.0350848335425964
1332	0.03459027617411286
1334	0.03405232541486239
1336	0.033472919394441004
1338	0.03285409045036301
1340	0.0321979571551382
1342	0.031506716291269284
1344	0.030782634801345903
1346	0.03002804173947099
1348	0.02924532024919295
1350	0.028436899592124556
1352	0.027605247250288227
1354	0.02675286112413121
1356	0.025882261846998208
1358	0.02499598523568812
1360	0.024096574895534156
1362	0.02318657499725982
1364	0.022268523241667424
1366	0.02134494402701485
1368	0.0204183418327498
1370	0.01949119483207786
1372	0.01856594874467135
1374	0.017645010939662743
1376	0.01673074479792717
1378	0.01582546434153296
1380	0.014931429137144807
1382	0.014050839479090907
1384	0.013185831856761998
1386	0.012338474709996106
1388	0.011510764475124525
1390	0.010704621923404491
1392	0.0099218887926543
1394	0.009164324712031935
1396	0.008433604419058218
1398	0.007731315267190591
1400	0.007058955021489355
1402	0.006417929939202486
1404	0.005809553131411347
1406	0.005235043201243275
1408	0.004695523153554004
1410	0.004192019570427731
1412	0.0037254620463199185
1414	0.0032966828761911674
1416	0.0029064169895393894
1418	0.002555302122835998
1420	0.0022438792225098793
1422	0.001972593070296016
1424	0.0017417931224779743
1426	0.0015517345542988925
1428	0.0014025795005981078
1430	0.0012943984835460552
1432	0.00122717201819757
1434	0.0012007923864642827
1436	0.0012150655700169323
1438	0.0012697133325683479
1440	0.0013643754419557373
1442	0.0014986120224358386
1444	0.0016719060276270859
1446	0.0018836658245781853
1448	0.0021332278795104906
1450	0.0024198595358717605
1452	0.002742761875449745
1454	0.0031010726534246185
1456	0.0034938692983863275
1458	0.003920171968510275
1460	0.004378946655262621
1462	0.004869108326206008
1464	0.0053895240986797455
1466	0.0059390164363547
1468	0.006516366360890334
1470	0.007120316671165202
1472	0.00774957516280247
1474	0.00840281784096809
1476	0.009078692119685297
1478	0.00977582000118112
1480	0.010492801229049336
1482	0.011228216409302418
1484	0.011980630093656677
1486	0.012748593819688587
1488	0.013530649102774723
1490	0.014325330375024951
1492	0.01513116786669118
1494	0.01594669042583099
1496	0.01677042827227724
1498	0.017600915682252225
1500	0.018436693600240764
1502	0.01927631217500814
1504	0.02011833321692443
1506	0.020961332574017447
1508	0.021803902424441766
1510	0.022644653483305
1512	0.023482217122043323
1514	0.02431524739878356
1516	0.025142422998366453
1518	0.02596244908093684
1520	0.02677405903823427
1522	0.02757601615692967
1524	0.028367115188572246
1526	0.029146183825906405
1528	0.029912084085519132
1530	0.03066371359696485
1532	0.031400006798695125
1534	0.032119936041293526
1536	0.03282251259868019
1538	0.033506787588109606
1540	0.03417185279993151
1542	0.03481684143822702
1544	0.035440928773567845
1546	0.036043332709269044
1548	0.03662331426262503
1550	0.03718017796272931
1552	0.03771327216658165
1554	0.03822198929528008
1556	0.03870576599218592
1558	0.03916408320502817
1560	0.03959646619399053
1562	0.04000248446788883
1564	0.0403817516506087
1566	0.04073392528002733
1568	0.04105870654168778
1570	0.04135583993954014
1572	0.0416251129060955
1574	0.04186635535436838
1576	0.04207943917400898
1578	0.04226427767404285
1580	0.0424208249746497
1582	0.04254907535042008
1584	0.042649062527533595
1586	0.0427208589372972
1588	0.04276457492848075
1590	0.04278035794087263
1592	0.04276839164246651
1594	0.04272889503267026
1596	0.042662121513908025
1598	0.042568357933959966
1600	0.042447923601354916
1602	0.04230116927610263
1604	0.04212847613801375
1606	0.041930254734820746
1608	0.04170694391227482
1610	0.041459009728347054
1612	0.041186944353623446
1614	0.040891264959932935
1616	0.04057251259920263
1618	0.040231251074482256
1620	0.039868065805031945
1622	0.03948356268731093
1624	0.03907836695365558
1626	0.03865312203037707
1628	0.03820848839695616
1630	0.03774514244795373
1632	0.03726377535920134
1634	0.036765091959777375
1636	0.03624980961121701
1638	0.03571865709534512
1640	0.03517237351206753
1642	0.034611707188389636
1644	0.03403741459988373
1646	0.03345025930575886
1648	0.0328510108986373
1650	0.03224044397007788
1652	0.031619337092835174
1654	0.03098847182078404
1656	0.030348631707383254
1658	0.029700601343499364
1660	0.02904516541535526
1662	0.028383107783314543
1664	0.027715210582163106
1666	0.027042253343492764
1668	0.026365012140745468
1670	0.025684258757423795
1672	0.02500075987892646
1674	0.024315276308418874
1676	0.023628562207103427
1678	0.022941364359205157
1680	0.02225442146195158
1682	0.021568463440772654
1684	0.020884210789913985
1686	0.020202373938609127
1688	0.019523652642921503
1690	0.018848735403327044
1692	0.018178298908070642
1694	0.01751300750229587
1696	0.01685351268291141
1698	0.016200452619126792
1700	0.01555445169855524
1702	0.014916120098753092
1704	0.0142860533840366
1706	0.013664832127386523
1708	0.013053021557227023
1710	0.012451171228836704
1712	0.0118598147201301
1714	0.0112794693515196
1716	0.010710635929550492
1718	0.010153798513978747
1720	0.009609424207941935
1722	0.009077962970858435
1724	0.008559847453666381
1726	0.00805549285600784
1728	0.00756529680493683
1730	0.00708963925472633
1732	0.006628882407336631
1734	0.0061833706530786976
1736	0.005753430531023844
1738	0.005339370708677118
1740	0.004941481980435135
1742	0.004560037284337328
1744	0.004195291736614621
1746	0.003847482683531908
1748	0.0035168297700176893
1750	0.0032035350245663203
1752	0.0029077829598994995
1754	0.0026297406888672555
1756	0.002369558055067856
1758	0.0021273677776657215
1760	0.0019032856098848848
1762	0.0016974105106556793
1764	0.00150982482889372
1766	0.001340594499891184
1768	0.001189769253302615
1770	0.0010573828322099127
1772	0.0009434532227544753
1774	0.0008479828938276801
1776	0.0007709590463157536
1778	0.000712353871398745
1780	0.0006721248174092653
1782	0.000650214864761459
1784	0.0006465528084667313
1786	0.0006610535477592812
1788	0.0006936183823606067
1790	0.0007441353149193707
1792	0.0008124793591702665
1794	0.0008985128533627883
1796	0.0010020857785189331
1798	0.0011230360810865197
1800	0.0012611899995635643
1802	0.0014163623946771228
1804	0.0015883570827088995
1806	0.0017769671715688832
1808	0.001981975399227035
1810	0.002203154474122466
1812	0.0024402674171781088
1814	0.0026930679050595667
1816	0.0029613006143245912
1818	0.00324470156612079
1820	0.0035429984710972137
1822	0.003855911074206829
1824	0.004183151499084373
1826	0.0045244245916965554
1828	0.004879428262968018
1830	0.00524785383009912
1832	0.005629386356299616
1834	0.006023704988672004
1836	0.00643048329398903
1838	0.006849389592117714
1840	0.0072800872868535906
1842	0.007722235193937136
1844	0.008175487866033525
1846	0.0086394959144677
1848	0.009113906327513665
1850	0.009598362785048527
1852	0.01009250596938898
1854	0.010595973872136608
1856	0.011108402096868815
1858	0.011629424157521944
1860	0.012158671772314148
1862	0.012695775153076459
1864	0.013240363289856422
1866	0.013792064230675359
1868	0.014350505356323885
1870	0.014915313650089987
1872	0.015486115962320557
1874	0.016062539269726585
1876	0.016644210929346353
1878	0.01723075892709212
1880	0.017821812120810996
1882	0.01841700047779497
1884	0.01901595530668765
1886	0.019618309483737398
1888	0.0202236976733524
1890	0.02083175654292361
1892	0.021442124971884254
1894	0.02205444425498064
1896	0.02266835829973619
1898	0.023283513818095337
1900	0.023899560512240018
1902	0.02451615125457385
1904	0.025132942261879992
1906	0.02574959326365637
1908	0.026365767664643804
1910	0.026981132701560044
1912	0.027595359594064693
1914	0.028208123689975557
1916	0.028819104604772175
1918	0.029427986355412123
1920	0.030034457488504574
1922	0.030638211202875888
1924	0.031238945466575983
1926	0.031836363128368905
1928	0.03243017202376152
1930	0.033020085075622645
1932	0.03360582038944804
1934	0.03418710134333331
1936	0.03476365667271281
1938	0.03533522054993288
1940	0.03590153265872219
1942	0.0364623382636324
1944	0.03701738827451388
1946	0.03756643930610702
1948	0.03810925373281589
1950	0.03864559973874678
1952	0.03917525136308583
1954	0.03969798854089651
1956	0.04021359713941702
1958	0.04072186898994048
1960	0.04122260191535888
1962	0.04171559975345773
1964	0.04220067237604365
1966	0.04267763570399098
1968	0.043146311718297255
1970	0.04360652846722863
1972	0.04405812006964864
1974	0.04450092671461407
1976	0.044934794657329184
1978	0.04535957621154569
1980	0.045775129738497046
1982	0.04618131963245635
1984	0.04657801630300779
1986	0.04696509615411856
1988	0.047342441560101825
1990	0.047709940838559
1992	0.04806748822038908
1994	0.04841498381695328
1996	0.04875233358448431
1998	0.049079449285824944
2000	0.04939624844958472
2002	0.04970265432680073
2004	0.049998595845186934
2006	0.05028400756105951
2008	0.050558829609019716
2010	0.05082300764948098
2012	0.05107649281412
2014	0.05131924164933653
2016	0.051551216057802086
2018	0.05177238323817775
2020	0.05198271562308054
2022	0.05218219081537749
2024	0.05237079152288428
2026	0.05254850549154533
2028	0.05271532543717051
2030	0.052871248975803635
2032	0.05301627855279447
2034	0.053150421370649216
2036	0.05327368931572691
2038	0.053386098883855704
2040	0.053487671104934596
2042	0.05357843146658978
2044	0.05365840983695333
2046	0.05372764038662384
2048	0.05378616150988396
2050	0.05383401574522267
2052	0.05387124969523871
2054	0.053897913945981736
2056	0.05391406298576156
2058	0.05391975512356631
2060	0.05391505240701743
2062	0.05390002054004008
2064	0.05387472880023627
2066	0.05383924995602409
2068	0.05379366018360234
2070	0.053738038983790565
2072	0.05367246909878855
2074	0.0535970364289058
2076	0.05351182994930574
2078	0.053416941626815664
2080	0.05331246633683865
2082	0.053198501780414756
2084	0.05307514840147471
2086	0.05294250930432157
2088	0.052800690171385216
2090	0.052649799181282333
2092	0.05248994692722404
2094	0.05232124633580229
2096	0.05214381258619304
2098	0.05195776302980712
2100	0.05176321711042332
2102	0.05156029628483285
2104	0.05134912394402612
2106	0.05112982533495142
2108	0.05090252748287113
2110	0.05066735911434575
2112	0.05042445058086804
2114	0.05017393378317326
2116	0.04991594209625069
2118	0.04965061029507569
2120	0.04937807448108713
2122	0.049098472009429704
2124	0.0488119414169794
2126	0.04851862235117322
2128	0.04821865549965954
2130	0.047912182520786
2132	0.04759934597494124
2134	0.04728028925676542
2136	0.04695515652824405
2138	0.046624092652697555
2140	0.04628724312968027
2142	0.045944754030799374
2144	0.045596771936465906
2146	0.0452434438735869
2148	0.04488491725420811
2150	0.04452133981511628
2152	0.044152859558409134
2154	0.04377962469303888
2156	0.043401783577336595
2158	0.043019484662523165
2160	0.04263287643721186
2162	0.04224210737290602
2164	0.04184732587049694
2166	0.04144868020776393
2168	0.04104631848787961
2170	0.040640388588922986
2172	0.04023103811439924
2174	0.03981841434477061
2176	0.0394026641899953
2178	0.03898393414307609
2180	0.038562370234616644
2182	0.03813811798838585
2184	0.03771132237788622
2186	0.037282127783925846
2188	0.03685067795318977
2190	0.03641711595780974
2192	0.03598158415592579
2194	0.03554422415323826
2196	0.03510517676554483
2198	0.034664581982256894
2200	0.03422257893089237
2202	0.033779305842536946
2204	0.033334900018269525
2206	0.03288949779654542
2208	0.032443234521530126
2210	0.03199624451237762
2212	0.031548661033446154
2214	0.031100616265442735
2216	0.03065224127749092
2218	0.030203666000111918
2220	0.029755019199112498
2222	0.02930642845036994
2224	0.028858020115505947
2226	0.02840991931844187
2228	0.027962249922823555
2230	0.027515134510309708
2232	0.027068694359711664
2234	0.026623049426976485
2236	0.026178318326004268
2238	0.025734618310287272
2240	0.025292065255363774
2242	0.024850773642074626
2244	0.02441085654061222
2246	0.023972425595353796
2248	0.023535591010464495
2250	0.023100461536263172
2252	0.02266714445633946
2254	0.022235745575409676
2256	0.021806369207902323
2258	0.0213791181672627
2260	0.020954093755962775
2262	0.020531395756210036
2264	0.020111122421339143
2266	0.01969337046787916
2268	0.01927823506828298
2270	0.018865809844309227
2272	0.018456186861044336
2274	0.018049456621553852
2276	0.01764570806215319
2278	0.01724502854828374
2280	0.016847503870986397
2282	0.016453218243959008
2284	0.016062254301187327
2286	0.01567469309513914
2288	0.015290614095508444
2290	0.01491009518850114
2292	0.014533212676648827
2294	0.014160041279141496
2296	0.013790654132667095
2298	0.01342512279274724
2300	0.013063517235558703
2302	0.012705905860228918
2304	0.012352355491595973
2306	0.012002931383421723
2308	0.011657697222046352
2310	0.01131671513047662
2312	0.010980045672894324
2314	0.01064774785957606
2316	0.0103198791522145
2318	0.009996495469629427
2320	0.009677651193859346
2322	0.009363399176623356
2324	0.009053790746143764
2326	0.008748875714318254
2328	0.00844870238423374
2330	0.008153317558010227
2332	0.007862766544966546
2334	0.007577093170097519
2336	0.007296339782853639
2338	0.007020547266214192
2340	0.006749755046043528
2342	0.0064840011007228394
2344	0.006223321971047317
2346	0.005967752770380003
2348	0.005717327195054716
2350	0.005472077535017137
2352	0.005232034684697906
2354	0.004997228154107763
2356	0.004767686080146313
2358	0.004543435238117931
2360	0.004324501053444294
2362	0.004110907613567386
2364	0.003902677680034241
2366	0.0036998327007560887
2368	0.003502392822433663
2370	0.0033103769031419326
2372	0.0031238025250660815
2374	0.0029426860073823126
2376	0.002767042419275216
2378	0.0025968855930854217
2380	0.002432228137580839
2382	0.0022730814513430672
2384	0.0021194557362647407
2386	0.0019713600111489244
2388	0.0018288021254051954
2390	0.0016917887728360222
2392	0.0015603255055070945
2394	0.0014344167476949047
2396	0.001314065809906621
2398	0.0011992749029653609
2400	0.0010900451521557056
2402	0.0009863766114233058
2404	0.0008882682776235616
2406	0.0007957181048131647
2408	0.0007087230185799667
2410	0.000627278930405311
2412	0.0005513807520539519
2414	0.00048102240998656955
2416	0.0004161968597900011
2418	0.00035689610061997713
2420	0.0003031111896523703
2422	0.0002548322565376668
2424	0.00021204851785463488
2426	0.0001747482915585198
2428	0.00014291901141976588
2430	0.00011654724144873149
2432	0.00009561869030260843
2434	0.00008011822567042453
2436	0.00007002988863229931
2438	0.00006533690798911467
2440	0.0000660217145589643
2442	0.00007206595543676083
2444	0.0000834505082135124
2446	0.00010015549515186945
2448	0.00012216029731460196
2450	0.0001494435686428425
2452	0.00018198324998092068
2454	0.00021975658304471612
2456	0.0002627401243306968
2458	0.0003109097589627094
2460	0.0003642407144735904
2462	0.0004227075745192502
2464	0.00048628429252228875
2466	0.0005549442052428487
2468	0.0006286600462739939
2470	0.0007074039594596378
2472	0.0007911475122322928
2474	0.0008798617088688482
2476	0.0009735170036618703
2478	0.0010720833140046568
2480	0.0011755300333878926
2482	0.001283826044306172
2484	0.0013969397310721729
2486	0.0015148389925373786
2488	0.001637491254716886
2490	0.0017648634833172723
2492	0.001896922196165639
2494	0.0020336334755384758
2496	0.0021749629803888546
2498	0.002320875958470646
2500	0.0024713372583583296
2502	0.002626311341361681
2504	0.0027857622933329597
2506	0.002949653836366954
2508	0.003117949340391994
2510	0.0032906118346507055
2512	0.0034676040190706183
2514	0.003648888275522172
2516	0.0038344266789650827
2518	0.004024181008480753
2520	0.004218112758190572
2522	0.004416183148060282
2524	0.00461835313458802
2526	0.004824583421376857
2528	0.005034834469591068
2530	0.0052490665082950685
2532	0.005467239544675022
2534	0.005689313374143193
2536	0.005915247590323382
2538	0.006145001594918423
2540	0.006378534607459367
2542	0.006615805674934567
2544	0.006856773681301017
2546	0.007101397356875666
2548	0.007349635287607915
2550	0.007601445924232078
2552	0.00785678759130088
2554	0.008115618496099949
2556	0.00837789673744199
2558	0.008643580314342644
2560	0.008912627134576244
2562	0.00918499502311348
2564	0.009460641730439631
2566	0.009739524940754321
2568	0.010021602280052859
2570	0.010306831324089185
2572	0.010595169606221906
2574	0.010886574625141272
2576	0.011181003852480664
2578	0.011478414740309386
2580	0.0117787647285112
2582	0.012082011252045029
2584	0.012388111748091131
2586	0.012697023663081767
2588	0.013008704459617389
2590	0.013323111623268978
2592	0.013640202669266679
2594	0.013959935149074763
2596	0.014282266656855959
2598	0.014607154835821966
2600	0.014934557384473654
2602	0.015264432062731287
2604	0.01559673669795326
2606	0.015931429190847265
2608	0.0162684675212716
2610	0.01660780975392889
2612	0.01694941404395303
2614	0.017293238642389318
2616	0.01763924190156839
2618	0.017987382280376142
2620	0.01833761834941835
2622	0.01868990879608274
2624	0.019044212429497477
2626	0.01940048818538836
2628	0.019758695130835193
2630	0.02011879246892634
2632	0.02048073954331588
2634	0.0208444958426807
2636	0.021210021005080116
2638	0.02157727482221868
2640	0.021946217243612738
2642	0.022316808380661905
2644	0.02268900851062626
2646	0.02306277808050931
2648	0.02343807771084946
2650	0.02381486819941866
2652	0.024193110524830908
2654	0.024572765850060792
2656	0.024953795525872284
2658	0.025336161094160304
2660	0.02571982429120427
2662	0.026104747050835892
2664	0.026490891507520826
2666	0.02687821999935683
2668	0.027266695070987272
2670	0.02765627947643263
2672	0.028046936181839937
2674	0.02843862836815182
2676	0.0288313194336944
2678	0.029224972996688043
2680	0.029619552897678626
2682	0.0300150232018918
2684	0.03041134820151158
2686	0.030808492417883603
2688	0.031206420603643113
2690	0.031605097744770716
2692	0.03200448906257427
2694	0.032404560015600575
2696	0.032805276301475006
2698	0.03320660385867249
2700	0.03360850886821823
2702	0.03401095775532226
2704	0.034413917190945095
2706	0.034817354093298364
2708	0.035221235629280014
2710	0.035625529215844595
2712	0.036030202521310686
2714	0.036435223466605327
2716	0.03684056022644729
2718	0.037246181230468675
2720	0.037652055164277186
2722	0.03805815097045968
2724	0.03846443784952624
2726	0.03887088526079852
2728	0.0392774629232407
2730	0.03968414081623465
2732	0.040090889180301154
2734	0.04049767851776662
2736	0.04090447959337699
2738	0.0413112634348592
2740	0.041718001333432196
2742	0.04212466484426511
2744	0.04253122578688915
2746	0.04293765624555719
2748	0.04334392856955765
2750	0.04375001537347974
2752	0.04415588953743267
2754	0.04456152420721945
2756	0.04496689279446535
2758	0.04537196897670242
2760	0.04577672669741047
2762	0.046181140166015766
2764	0.04658518385784792
2766	0.04698883251405522
2768	0.04739206114148048
2770	0.04779484501249637
2772	0.04819715966480297
2774	0.04859898090118608
2776	0.04900028478923964
2778	0.04940104766104953
2780	0.04980124611284384
2782	0.05020085700460569
2784	0.05059985745965297
2786	0.05099822486418339
2788	0.051395936866787284
2790	0.05179297137792745
2792	0.05218930656938635
2794	0.05258492087368388
2796	0.052979792983463864
2798	0.05337390185085014
2800	0.05376722668677466
2802	0.0541597469602756
2804	0.05455144239776963
2806	0.05494229298229472
2808	0.05533227895272787
2810	0.05572138080297589
2812	0.056109579281141325
2814	0.05649685538866345
2816	0.05688319037943451
2818	0.05726856575889285
2820	0.05765296328309324
2822	0.05803636495775351
2824	0.058418753037280696
2826	0.058800110023774665
2828	0.059180418666011626
2830	0.05955966195840722
2832	0.059937823139958775
2834	0.060314885693170776
2836	0.0606908333429592
2838	0.06106565005553863
2840	0.06143932003729232
2842	0.06181182773362386
2844	0.06218315782779306
2846	0.06255329523973568
2848	0.06292222512486684
2850	0.0632899328728696
2852	0.06365640410646918
2854	0.0640216246801924
2856	0.0643855806791128
2858	0.06474825841758453
2860	0.06510964443796047
2862	0.06546972550929958
2864	0.0658284886260625
2866	0.0661859210067944
2868	0.06654201009279738
2870	0.06689674354679194
2872	0.06725010925156798
2874	0.06760209530862628
2876	0.06795269003680963
2878	0.06830188197092542
2880	0.06864965986035972
2882	0.06899601266768188
2884	0.06934092956724174
2886	0.06968439994376044
2888	0.07002641339091072
2890	0.070366959709894
2892	0.0707060289080083
2894	0.07104361119721096
2896	0.07137969699267502
2898	0.07171427691134068
2900	0.07204734177046128
2902	0.07237888258614313
2904	0.07270889057188304
2906	0.07303735713710019
2908	0.07336427388566319
2910	0.07368963261441573
2912	0.07401342531169716
2914	0.07433564415585998
2916	0.07465628151378552
2918	0.07497532993939657
2920	0.07529278217216728
2922	0.07560863113563229
2924	0.07592286993589326
2926	0.07623549186012359
2928	0.07654649037507334
2930	0.07685585912557208
2932	0.07716359193303142
2934	0.07746968279394707
2936	0.07777412587840121
2938	0.07807691552856355
2940	0.0783780462571938
2942	0.0786775127461456
2944	0.07897530984486806
2946	0.07927143256891127
2948	0.07956587609843147
2950	0.07985863577669779
2952	0.08014970710860111
2954	0.08043908575916336
2956	0.08072676755205033
2958	0.08101274846808573
2960	0.08129702464376742
2962	0.08157959236978705
2964	0.08186044808955112
2966	0.08213958839770592
2968	0.08241701003866514
2970	0.08269270990514097
2972	0.08296668503667778
2974	0.0832389326181901
2976	0.08350944997850397
2978	0.08377823458890227
2980	0.084045284061674
2982	0.08431059614866675
2984	0.08457416873984593
2986	0.08483599986185512
2988	0.08509608767658355
2990	0.08535443047973715
2992	0.0856110266994143
2994	0.08586587489468704
2996	0.08611897375418719
2998	0.08637032209469692
3000	0.08661991885974565
3002	0.086867763118212
3004	0.0871138540629306
3006	0.08735819100930553
3008	0.08760077339392865
3010	0.08784160077320427
3012	0.08808067282197928
3014	0.0883179893321801
3016	0.08855355021145435
3018	0.08878735548182023
3020	0.08901940527832108
3022	0.08924969984768666
3024	0.0894782395470016
3026	0.08970502484237809
3028	0.08993005630763878
3030	0.09015333462300269
3032	0.09037486057378033
3034	0.09059463504907424
3036	0.09081265904048721
3038	0.09102893364083768
3040	0.09124346004288031
3042	0.0914562395380362
3044	0.09166727351512832
3046	0.09187656345912512
3048	0.09208411094988994
3050	0.09228991766094044
3052	0.09249398535821227
3054	0.09269631589883168
3056	0.09289691122989616
3058	0.09309577338726051
3060	0.09329290449433272
3062	0.09348830676087545
3064	0.09368198248181632
3066	0.09387393403606531
3068	0.09406416388533952
3070	0.09425267457299676
3072	0.09443946872287505
3074	0.09462454903814131
3076	0.0948079183001472
3078	0.09498957936729302
3080	0.09516953517389871
3082	0.09534778872908377
3084	0.09552434311565366
3086	0.09569920148899555
3088	0.09587236707598079
3090	0.09604384317387543
3092	0.09621363314925938
3094	0.09638174043695255
3096	0.09654816853894907
3098	0.09671292102336043
3100	0.0968760015233649
3102	0.09703741373616635
3104	0.09719716142196028
3106	0.09735524840290759
3108	0.09751167856211716
3110	0.09766645584263528
3112	0.09781958424644412
3114	0.09797106783346726
3116	0.09812091072058342
3118	0.0982691170806487
3120	0.09841569114152598
3122	0.09856063718512212
3124	0.09870395954643403
3126	0.09884566261260193
3128	0.09898575082197072
3130	0.0991242286631592
3132	0.09926110067413668
3134	0.09939637144130879
3136	0.09953004559860955
3138	0.09966212782660226
3140	0.0997926228515882
3142	0.09992153544472239
3144	0.10004887042113783
3146	0.10017463263907786
3148	0.10029882699903461
3150	0.10042145844289743
3152	0.10054253195310707
3154	0.10066205255181881
3156	0.10078002530007268
3158	0.10089645529697161
3160	0.10101134767886669
3162	0.1011247076185511
3164	0.10123654032446001
3166	0.10134685103987977
3168	0.10145564504216306
3170	0.10156292764195313
3172	0.10166870418241365
3174	0.10177298003846771
3176	0.10187576061604335
3178	0.10197705135132669
3180	0.10207685771002217
3182	0.10217518518662032
3184	0.10227203930367326
3186	0.10236742561107663
3188	0.10246134968535936
3190	0.10255381712897992
3192	0.10264483356963137
3194	0.10273440465955133
3196	0.10282253607484082
3198	0.10290923351478924
3200	0.10299450270120702
3202	0.1030783493777641
3204	0.1031607793093373
3206	0.10324179828136285
3208	0.10332141209919642
3210	0.10339962658748095
3212	0.10347644758951913
3214	0.10355188096665514
3216	0.10362593259766155
3218	0.10369860837813312
3220	0.10376991421988847
3222	0.10383985605037617
3224	0.10390843981208979
3226	0.10397567146198812
3228	0.10404155697092236
3230	0.10410610232306973
3232	0.10416931351537312
3234	0.10423119655698843
3236	0.10429175746873652
3238	0.10435100228256307
3240	0.10440893704100378
3242	0.104465567796656
3244	0.10452090061165731
3246	0.1045749415571691
3248	0.10462769671286672
3250	0.10467917216643687
3252	0.10472937401307905
3254	0.1047783083550145
3256	0.10482598130100082
3258	0.10487239896585235
3260	0.1049175674699659
3262	0.10496149293885401
3264	0.1050041815026822
3266	0.105045639295813
3268	0.10508587245635548
3270	0.10512488712572071
3272	0.10516268944818204
3274	0.10519928557044274
3276	0.10523468164120701
3278	0.10526888381075811
3280	0.10530189823054155
3282	0.10533373105275365
3284	0.10536438842993565
3286	0.10539387651457305
3288	0.10542220145870008
3290	0.10544936941351049
3292	0.10547538652897188
3294	0.105500258953447
3296	0.10552399283331906
3298	0.10554659431262284
3300	0.10556806953268012
3302	0.1055884246317412
3304	0.10560766574463065
3306	0.10562579900239813
3308	0.10564283053197486
3310	0.10565876645583347
3312	0.10567361289165454
3314	0.10568737595199663
3316	0.10570006174397174
3318	0.10571167636892494
3320	0.10572222592211948
3322	0.10573171649242578
3324	0.10574015416201563
3326	0.10574754500606044
3328	0.1057538950924345
3330	0.10575921048142269
3332	0.105763497225432
3334	0.10576676136870859
3336	0.10576900894705818
3338	0.1057702459875713
3340	0.10577047850835299
3342	0.10576971251825651
3344	0.10576795401662085
3346	0.10576520899301382
3348	0.10576148342697723
3350	0.10575678328777845
3352	0.10575111453416426
3354	0.10574448311411949
3356	0.1057368949646299
3358	0.10572835601144823
3360	0.10571887216886527
3362	0.10570844933948388
3364	0.10569709341399697
3366	0.10568481027097004
3368	0.10567160577662706
3370	0.10565748578463906
3372	0.10564245613591908
3374	0.10562652265841731
3376	0.10560969116692345
3378	0.10559196746286945
3380	0.1055733573341381
3382	0.1055538665548743
3384	0.1055335008852997
3386	0.10551226607153096
3388	0.10549016784540168
3390	0.10546721192428749
3392	0.10544340401093423
3394	0.10541874979329031
3396	0.10539325494434106
3398	0.10536692512194791
3400	0.1053397659686897
3402	0.10531178311170687
3404	0.10528298216255047
3406	0.1052533687170325
3408	0.10522294835508042
3410	0.10519172664059415
3412	0.10515970912130658
3414	0.10512690132864685
3416	0.10509330877760646
3418	0.1050589369666085
3420	0.10502379137737984
3422	0.10498787747482594
3424	0.10495120070690889
3426	0.10491376650452758
3428	0.1048755802814019
3430	0.10483664743395814
3432	0.10479697334121796
3434	0.1047565633646905
3436	0.10471542284826617
3438	0.10467355711811342
3440	0.10463097148257854
3442	0.10458767123208752
3444	0.1045436616390507
3446	0.10449894795776961
3448	0.10445353542434706
3450	0.10440742925659874
3452	0.10436063465396757
3454	0.10431315679744133
3456	0.10426500084947118
3458	0.10421617195389332
3460	0.10416667523585321
3462	0.1041165158017317
3464	0.10406569873907336
3466	0.10401422911651727
3468	0.10396211198372972
3470	0.10390935237134
3472	0.10385595529087648
3474	0.10380192573470717
3476	0.10374726867598061
3478	0.10369198906856954
3480	0.10363609184701679
3482	0.10357958192648224
3484	0.10352246420269355
3486	0.10346474355189682
3488	0.10340642483081072
3490	0.10334751287658217
3492	0.10328801250674305
3494	0.10322792851917065
3496	0.10316726569204764
3498	0.10310602878382605
3500	0.10304422253319157
3502	0.10298185165903036
3504	0.10291892086039764
3506	0.1028554348164874
3508	0.10279139818660438
3510	0.10272681561013798
3512	0.10266169170653709
3514	0.10259603107528702
3516	0.10252983829588815
3518	0.1024631179278362
3520	0.10239587451060339
3522	0.10232811256362222
3524	0.10225983658627018
3526	0.10219105105785609
3528	0.10212176043760784
3530	0.1020519691646617
3532	0.10198168165805348
3534	0.10191090231671028
3536	0.10183963551944437
3538	0.10176788562494861
3540	0.10169565697179196
3542	0.10162295387841862
3544	0.10154978064314583
3546	0.1014761415441652
3548	0.10140204083954421
3550	0.10132748276722955
3552	0.10125247154505095
3554	0.10117701137072718
3556	0.10110110642187278
3558	0.10102476085600604
3560	0.10094797881055824
3562	0.10087076440288402
3564	0.1007931217302732
3566	0.10071505486996302
3568	0.1006365678791523
3570	0.10055766479501663
3572	0.10047834963472332
3574	0.10039862639545027
3576	0.10031849905440239
3578	0.10023797156883164
3580	0.1001570478760576
3582	0.10007573189348783
3584	0.09999402751864078
3586	0.09991193862916836
3588	0.09982946908288105
3590	0.0997466227177722
3592	0.09966340335204422
3594	0.0995798147841359
3596	0.09949586079274968
3598	0.09941154513688108
3600	0.09932687155584767
3602	0.0992418437693201
3604	0.09915646547735281
3606	0.09907074036041653
3608	0.09898467207943146
3610	0.09889826427580051
3612	0.09881152057144403
3614	0.09872444456883506
3616	0.09863703985103577
3618	0.0985493099817336
3620	0.09846125850527923
3622	0.09837288894672494
3624	0.09828420481186288
3626	0.09819520958726578
3628	0.09810590674032628
3630	0.09801629971929839
3632	0.09792639195333924
3634	0.09783618685255094
3636	0.0977456878080238
3638	0.09765489819188002
3640	0.0975638213573174
3642	0.09747246063865421
3644	0.09738081935137476
3646	0.09728890079217499
3648	0.09719670823900906
3650	0.0971042449511362
3652	0.09701151416916841
3654	0.09691851911511812
3656	0.09682526299244769
3658	0.09673174898611721
3660	0.09663798026263495
3662	0.09654395997010708
3664	0.09644969123828835
3666	0.09635517717863275
3668	0.09626042088434529
3670	0.0961654254304337
3672	0.09607019387376073
3674	0.09597472925309695
3676	0.09587903458917364
3678	0.09578311288473688
3680	0.09568696712460044
3682	0.09559060027570156
3684	0.09549401528715433
3686	0.0953972150903053
3688	0.09530020259878916
3690	0.0952029807085836
3692	0.09510555229806646
3694	0.09500792022807136
3696	0.09491008734194505
3698	0.09481205646560384
3700	0.09471383040759138
3702	0.09461541195913635
3704	0.09451680389421005
3706	0.09441800896958494
3708	0.09431902992489306
3710	0.09421986948268476
3712	0.09412053034848758
3714	0.09402101521086563
3716	0.09392132674147922
3718	0.09382146759514444
3720	0.0937214404098932
3722	0.09362124780703306
3724	0.09352089239120825
3726	0.09342037675045968
3728	0.09331970345628607
3730	0.0932188750637048
3732	0.09311789411131302
3734	0.09301676312134924
3736	0.09291548459975443
3738	0.092814061036234
3740	0.09271249490431957
3742	0.09261078866143078
3744	0.09250894474893773
3746	0.09240696559222272
3748	0.09230485360074327
3750	0.09220261116809406
3752	0.09210024067207
3754	0.09199774447472871
3756	0.0918951249224534
3758	0.0917923843460158
3760	0.09168952506063956
3762	0.09158654936606267
3764	0.09148345954660136
3766	0.09138025787121326
3768	0.09127694659356034
3770	0.09117352795207281
3772	0.09107000417001257
3774	0.09096637745553653
3776	0.09086265000176061
3778	0.09075882398682304
3780	0.0906549015739481
3782	0.09055088491151018
3784	0.09044677613309719
3786	0.09034257735757473
3788	0.09023829068914947
3790	0.09013391821743348
3792	0.09002946201750768
3794	0.08992492414998605
3796	0.08982030666107943
3798	0.08971561158265894
3800	0.08961084093232087
3802	0.08950599671344962
3804	0.08940108091528182
3806	0.0892960955129703
3808	0.08919104246764807
3810	0.08908592372649184
3812	0.0889807412227857
3814	0.08887549687598523
3816	0.08877019259178132
3818	0.088664830262163
3820	0.08855941176548218
3822	0.08845393896651636
3824	0.0883484137165327
3826	0.08824283785335134
3828	0.08813721320140888
3830	0.08803154157182158
3832	0.08792582476244878
3834	0.08782006455795639
3836	0.0877142627298797
3838	0.08760842103668663
3840	0.08750254122384084
3842	0.08739662502386449
3844	0.08729067415640139
3846	0.08718469032827945
3848	0.08707867523357386
3850	0.08697263055366898
3852	0.0868665579573217
3854	0.08676045910072332
3856	0.08665433562756188
3858	0.08654818916908454
3860	0.08644202134415989
3862	0.08633583375933956
3864	0.08622962800892038
3866	0.08612340567500602
3868	0.086017168327569
3870	0.08591091752451178
3872	0.08580465481172865
3874	0.08569838172316681
3876	0.08559209978088753
3878	0.08548581049512771
3880	0.08537951536436003
3882	0.08527321587535448
3884	0.08516691350323882
3886	0.08506060971155913
3888	0.08495430595233999
3890	0.08484800366614531
3892	0.08474170428213805
3894	0.08463540921814061
3896	0.08452911988069414
3898	0.08442283766511878
3900	0.08431656395557306
3902	0.08421030012511334
3904	0.08410404753575304
3906	0.08399780753852175
3908	0.08389158147352459
3910	0.08378537067000039
3912	0.08367917644638072
3914	0.08357300011034854
3916	0.08346684295889646
3918	0.08336070627838449
3920	0.08325459134459884
3922	0.08314849942280916
3924	0.08304243176782651
3926	0.082936389624061
3928	0.0828303742255788
3930	0.08272438679615976
3932	0.08261842854935414
3934	0.08251250068853955
3936	0.08240660440697783
3938	0.08230074088787129
3940	0.08219491130441903
3942	0.08208911681987352
3944	0.08198335858759609
3946	0.0818776377511132
3948	0.08177195544417153
3950	0.08166631279079402
3952	0.08156071090533482
3954	0.08145515089253424
3956	0.08134963384757402
3958	0.08124416085613216
3960	0.08113873299443664
3962	0.08103335132932088
3964	0.08092801691827685
3966	0.08082273080951011
3968	0.08071749404199288
3970	0.08061230764551774
3972	0.08050717264075147
3974	0.08040209003928764
3976	0.08029706084370047
3978	0.08019208604759677
3980	0.08008716663566948
3982	0.07998230358374941
3984	0.0798774978588581
3986	0.07977275041925966
3988	0.07966806221451257
3990	0.0795634341855215
3992	0.0794588672645889
3994	0.07935436237546607
3996	0.07924992043340472
3998	0.07914554234520729
4000	0.07904122900927843
4002	0.07893698131567473
4004	0.0788328001461555
4006	0.07872868637423325
4008	0.07862464086522256
4010	0.07852066447629133
4012	0.0784167580565088
4014	0.07831292244689604
4016	0.07820915848047459
4018	0.07810546698231542
4020	0.07800184876958788
4022	0.07789830465160805
4024	0.07779483542988735
4026	0.0776914418981806
4028	0.07758812484253357
4030	0.07748488504133151
4032	0.07738172326534631
4034	0.07727864027778353
4036	0.0771756368343303
4038	0.07707271368320177
4040	0.07696987156518774
4042	0.07686711121369987
4044	0.07676443335481742
4046	0.07666183870733377
4048	0.07655932798280213
4050	0.07645690188558169
4052	0.07635456111288268
4054	0.0762523063548122
4056	0.07615013829441897
4058	0.07604805760773872
4060	0.07594606496383871
4062	0.07584416102486234
4064	0.07574234644607344
4066	0.07564062187590062
4068	0.07553898795598094
4070	0.07543744532120428
4072	0.07533599459975612
4074	0.07523463641316148
4076	0.07513337137632783
4078	0.07503220009758854
4080	0.07493112317874469
4082	0.07483014121510866
4084	0.07472925479554603
4086	0.07462846450251766
4088	0.0745277709121221
4090	0.07442717459413693
4092	0.07432667611206074
4094	0.07422627602315414
4096	0.0741259748784815
4098	0.07402577322295124
4100	0.07392567159535725
4102	0.07382567052841928
4104	0.07372577054882337
4106	0.07362597217726198
4108	0.0735262759284743
4110	0.07342668231128567
4112	0.07332719182864757
4114	0.07322780497767706
4116	0.07312852224969557
4118	0.07302934413026896
4120	0.07293027109924513
4122	0.07283130363079375
4124	0.07273244219344396
4126	0.07263368725012348
4128	0.07253503925819584
4130	0.07243649866949908
4132	0.0723380659303828
4134	0.0722397414817463
4136	0.0721415257590756
4138	0.07204341919248049
4140	0.07194542220673177
4142	0.0718475352212979
4144	0.07174975865038166
4146	0.07165209290295642
4148	0.07155453838280254
4150	0.0714570954885434
4152	0.07135976461368095
4154	0.07126254614663169
4156	0.07116544047076215
4158	0.07106844796442395
4160	0.07097156900098925
4162	0.07087480394888523
4164	0.07077815317162926
4166	0.07068161702786331
4168	0.07058519587138826
4170	0.07048889005119814
4172	0.07039269991151416
4174	0.07029662579181874
4176	0.07020066802688865
4178	0.07010482694682921
4180	0.0700091028771069
4182	0.06991349613858305
4184	0.06981800704754648
4186	0.06972263591574625
4188	0.06962738305042435
4190	0.06953224875434819
4192	0.06943723332584265
4194	0.06934233705882237
4196	0.06924756024282348
4198	0.06915290316303543
4200	0.06905836610033234
4202	0.06896394933130452
4204	0.06886965312829006
4206	0.0687754777594049
4208	0.06868142348857458
4210	0.06858749057556468
4212	0.06849367927601102
4214	0.06839998984145047
4216	0.06830642251935093
4218	0.06821297755314118
4220	0.06811965518224114
4222	0.06802645564209099
4224	0.06793337916418132
4226	0.06784042597608192
4228	0.06774759630147145
4230	0.06765489036016592
4232	0.06756230836814806
4234	0.06746985053759581
4236	0.0673775170769107
4238	0.06728530819074631
4240	0.06719322408003683
4242	0.0671012649420246
4244	0.06700943097028801
4246	0.06691772235476993
4248	0.06682613928180414
4250	0.06673468193414382
4252	0.06664335049098817
4254	0.06655214512800985
4256	0.06646106601738144
4258	0.06637011332780275
4260	0.06627928722452711
4262	0.06618858786938824
4264	0.06609801542082591
4266	0.06600757003391278
4268	0.06591725186037987
4270	0.06582706104864297
4272	0.06573699774382773
4274	0.0656470620877958
4276	0.0655572542191697
4278	0.06546757427335871
4280	0.06537802238258333
4282	0.0652885986759007
4284	0.06519930327922896
4286	0.06511013631537253
4288	0.06502109790404631
4290	0.06493218816189969
4292	0.0648434072025413
4294	0.0647547551365631
4296	0.06466623207156376
4298	0.06457783811217335
4300	0.06448957336007582
4302	0.06440143791403384
4304	0.06431343186991094
4306	0.06422555532069556
4308	0.06413780835652376
4310	0.06405019106470235
4312	0.06396270352973159
4314	0.06387534583332778
4316	0.0637881180544461
4318	0.06370102026930245
4320	0.06361405255139661
4322	0.06352721497153321
4324	0.06344050759784471
4326	0.06335393049581262
4328	0.06326748372828958
4330	0.06318116735552076
4332	0.06309498143516537
4334	0.06300892602231796
4336	0.06292300116952963
4338	0.062837206926829
4340	0.06275154334174327
4342	0.06266601045931887
4344	0.0625806083221422
4346	0.06249533697036033
4348	0.06241019644170088
4350	0.06232518677149315
4352	0.062240307992687295
4354	0.06215556013587504
4356	0.062070943229309485
4358	0.061986457298924574
4360	0.06190210236835505
4362	0.06181787845895588
4364	0.06173378558982157
4366	0.061649823777805604
4368	0.06156599303753952
4370	0.06148229338145187
4372	0.0613987248197874
4374	0.061315287360625435
4376	0.06123198100989896
4378	0.061148805771413
4380	0.06106576164686287
4382	0.060982848635852946
4384	0.06090006673591437
4386	0.06081741594252346
4388	0.06073489624911983
4390	0.06065250764712362
4392	0.06057025012595381
4394	0.06048812367304568
4396	0.06040612827386808
4398	0.060324263911941484
4400	0.06024253056885435
4402	0.060160928224281145
4404	0.060079456855998754
4406	0.05999811643990392
4408	0.05991690695002975
4410	0.05983582835856256
4412	0.05975488063585858
4414	0.0596740637504604
4416	0.05959337766911322
4418	0.05951282235678142
4420	0.05943239777666452
4422	0.05935210389021342
4424	0.059271940657146256
4426	0.0591919080354644
4428	0.0591120059814679
4430	0.059032234449771764
4432	0.05895259339332082
4434	0.05887308276340564
4436	0.05879370250967767
4438	0.05871445258016458
4440	0.05863533292128528
4442	0.058556343477865196
4444	0.058477484193151026
4446	0.05839875500882554
4448	0.058320155865022566
4450	0.05824168670034145
4452	0.05816334745186154
4454	0.05808513805515684
4456	0.05800705844431032
4458	0.057929108551927955
4460	0.057851288309153176
4462	0.05777359764568067
4464	0.057696036489770605
4466	0.05761860476826233
4468	0.05754130240658822
4470	0.057464129328787285
4472	0.05738708545751891
4474	0.05731017071407617
4476	0.057233385018399426
4478	0.057156728289089395
4480	0.05708020044342073
4482	0.05700380139735492
4484	0.056927531065553164
4486	0.05685138936138965
4488	0.05677537619696442
4490	0.056699491483115816
4492	0.056623735129433514
4494	0.05654810704427089
4496	0.05647260713475764
4498	0.05639723530681234
4500	0.05632199146515438
4502	0.05624687551331664
4504	0.05617188735365761
4506	0.056097026887373065
4508	0.056022294014508554
4510	0.055947688633971086
4512	0.05587321064354106
4514	0.05579885993988381
4516	0.05572463641856164
4518	0.055650539974044816
4520	0.05557657049972394
4522	0.055502727887920475
4524	0.055429012029898556
4526	0.05535542281587637
4528	0.05528196013503694
4530	0.05520862387553962
4532	0.05513541392453082
4534	0.05506233016815504
4536	0.054989372491566005
4538	0.054916540778936866
4540	0.05484383491347158
4542	0.05477125477741511
4544	0.05469880025206419
4546	0.05462647121777773
4548	0.05455426755398698
4550	0.05448218913920663
4552	0.054410235851044174
4554	0.054338407566210584
4556	0.054266704160530435
4558	0.05419512550895169
4560	0.05412367148555608
4562	0.05405234196356846
4564	0.053981136815367134
4566	0.053910055912493336
4568	0.053839099125660886
4570	0.05376826632476614
4572	0.05369755737889712
4574	0.05362697215634314
4576	0.05355651052460438
4578	0.053486172350400846
4580	0.05341595749968216
4582	0.053345865837636286
4584	0.053275897228698896
4586	0.05320605153656231
4588	0.053136328624184805
4590	0.05306672835379905
4592	0.052997250586921375
4594	0.05292789518436043
4596	0.05285866200622591
4598	0.05278955091193721
4600	0.0527205617602322
4602	0.05265169440917549
4604	0.052582948716167165
4606	0.05251432453795094
4608	0.0524458217306228
4610	0.05237744014963937
4612	0.05230917964982542
4614	0.05224104008538294
4616	0.0521730213098988
4618	0.05210512317635274
4620	0.05203734553712554
4622	0.05196968824400686
4624	0.05190215114820316
4626	0.05183473410034542
4628	0.051767436950496966
4630	0.051700259548161015
4632	0.05163320174228863
4634	0.051566263381285816
4636	0.05149944431302157
4638	0.051432744384834944
4640	0.051366163443542424
4642	0.05129970133544566
4644	0.051233357906338435
4646	0.051167133001513904
4648	0.05110102646577193
4650	0.051035038143425984
4652	0.05096916787831051
4654	0.05090341551378776
4656	0.050837780892754654
4658	0.050772263857649914
4660	0.05070686425046062
4662	0.050641581912729654
4664	0.05057641668556118
4666	0.05051136840962894
4668	0.050446436925181734
4670	0.05038162207205029
4672	0.05031692368965401
4674	0.050252341617007285
4676	0.05018787569272605
4678	0.050123525755034086
4680	0.050059291641769275
4682	0.04999517319038998
4684	0.049931170237981375
4686	0.049867282621261416
4688	0.049803510176587296
4690	0.049739852739961087
4692	0.0496763101470362
4694	0.04961288223312315
4696	0.04954956883319557
4698	0.04948636978189615
4700	0.0494232849135424
4702	0.04936031406213247
4704	0.04929745706135102
4706	0.04923471374457482
4708	0.04917208394487834
4710	0.04910956749503964
4712	0.04904716422754573
4714	0.0489848739745981
4716	0.04892269656811846
4718	0.04886063183975362
4720	0.048798679620881594
4722	0.048736839742616486
4724	0.048675112035813886
4726	0.04861349633107636
4728	0.04855199245875824
4730	0.048490600248971324
4732	0.048429319531589576
4734	0.048368150136254534
4736	0.048307091892380125
4738	0.0482461446291578
4740	0.048185308175561645
4742	0.048124582360353024
4744	0.04806396701208569
4746	0.04800346195911052
4748	0.04794306702958036
4750	0.04788278205145491
4752	0.04782260685250527
4754	0.04776254126031871
4756	0.047702585102303394
4758	0.047642738205692814
4760	0.04758300039755069
4762	0.04752337150477498
4764	0.047463851354102964
4766	0.04740443977211543
4768	0.04734513658524098
4770	0.04728594161976062
4772	0.04722685470181147
4774	0.047167875657393346
4776	0.047109004312369654
4778	0.04705024049247375
4780	0.04699158402331298
4782	0.0469330347303722
4784	0.04687459243901854
4786	0.046816256974505296
4788	0.04675802816197559
4790	0.04669990582646731
4792	0.04664188979291589
4794	0.0465839798861595
4796	0.04652617593094193
4798	0.046468477751917335
4800	0.04641088517365324
4802	0.046353398020635275
4804	0.046296016117270224
4806	0.04623873928789019
4808	0.04618156735675609
4810	0.046124500148061555
4812	0.04606753748593645
4814	0.04601067919445042
4816	0.04595392509761686
4818	0.04589727501939588
4820	0.04584072878369846
4822	0.045784286214389576
4824	0.04572794713529171
4826	0.045671711370188266
4828	0.04561557874282723
4830	0.04555954907692428
4832	0.045503622196166174
4834	0.04544779792421413
4836	0.045392076084707154
4838	0.045336456501265256
4840	0.045280938997492484
4842	0.045225523396980515
4844	0.04517020952331147
4846	0.04511499720006128
4848	0.045059886250802546
4850	0.045004876499108545
4852	0.04494996776855385
4854	0.04489515988272063
4856	0.04484045266519955
4858	0.04478584593959316
4860	0.04473133952951904
4862	0.044676933258612654
4864	0.04462262695053001
4866	0.044568420428950976
4868	0.04451431351758158
4870	0.04446030604015735
4872	0.04440639782044569
4874	0.044352588682248874
4876	0.04429887844940666
4878	0.044245266945799125
4880	0.04419175399534907
4882	0.04413833942202511
4884	0.04408502304984387
4886	0.044031804702872886
4888	0.043978684205233105
4890	0.04392566138110133
4892	0.04387273605471293
4894	0.04381990805036422
4896	0.04376717719241504
4898	0.04371454330529108
4900	0.04366200621348642
4902	0.043609565741566006
4904	0.04355722171416779
4906	0.04350497395600553
4908	0.04345282229187066
4910	0.043400766546634766
4912	0.04334880654525213
4914	0.04329694211276161
4916	0.043245173074289205
4918	0.04319349925505021
4920	0.04314192048035127
4922	0.04309043657559276
4924	0.04303904736627067
4926	0.04298775267797935
4928	0.042936552336412796
4930	0.042885446167367426
4932	0.042834433996743866
4934	0.042783515650549005
4936	0.042732690954898116
4938	0.04268195973601681
4940	0.04263132182024306
4942	0.042580777034029176
4944	0.04253032520394383
4946	0.042479966156673675
4948	0.042429699719025896
4950	0.04237952571792925
4952	0.0423294439804367
4954	0.04227945433372693
4956	0.04222955660510619
4958	0.04217975062201004
4960	0.04213003621200539
4962	0.042080413202792065
4964	0.04203088142220461
4966	0.04198144069821424
4968	0.04193209085893004
4970	0.041882831732601364
4972	0.04183366314761894
4974	0.04178458493251684
4976	0.04173559691597407
4978	0.04168669892681611
4980	0.041637890794016655
4982	0.04158917234669921
4984	0.04154054341413844
4986	0.04149200382576216
4988	0.04144355341115236
4990	0.0413951920000472
4992	0.041346919422342227
4994	0.04129873550809205
4996	0.04125064008751146
4998	0.0412026329909776
5000	0.04115471404903053