-5000	0.030234079893523506
-4998	0.030266292860428624
-4996	0.030298563630673334
-4994	0.03033089231180637
-4992	0.030363279011454046
-4990	0.030395723837319377
-4988	0.030428226897180843
-4986	0.030460788298891206
-4984	0.030493408150376173
-4982	0.030526086559633542
-4980	0.030558823634731527
-4978	0.030591619483807973
-4976	0.030624474215068857
-4974	0.030657387936787187
-4972	0.030690360757301503
-4970	0.030723392785014944
-4968	0.03075648412839351
-4966	0.03078963489596533
-4964	0.030822845196318786
-4962	0.030856115138101554
-4960	0.03088944483001921
-4958	0.03092283438083362
-4956	0.030956283899361895
-4954	0.03098979349447484
-4952	0.031023363275095583
-4950	0.031056993350198066
-4948	0.031090683828805914
-4946	0.03112443481999065
-4944	0.03115824643287051
-4942	0.031192118776608723
-4940	0.031226051960412234
-4938	0.03126004609353014
-4936	0.031294101285252174
-4934	0.03132821764490719
-4932	0.03136239528186153
-4930	0.031396634305517764
-4928	0.03143093482531259
-4926	0.03146529695071585
-4924	0.03149972079122845
-4922	0.03153420645638105
-4920	0.031568754055732236
-4918	0.03160336369886706
-4916	0.03163803549539508
-4914	0.03167276955494916
-4912	0.031707565987183134
-4910	0.031742424901770705
-4908	0.03177734640840332
-4906	0.031812330616788655
-4904	0.03184737763664871
-4902	0.031882487577718104
-4900	0.03191766054974216
-4898	0.031952896662475416
-4896	0.031988196025679316
-4894	0.03202355874912084
-4892	0.03205898494257034
-4890	0.03209447471579967
-4888	0.032130028178580544
-4886	0.0321656454406823
-4884	0.03220132661187021
-4882	0.032237071801903446
-4880	0.03227288112053299
-4878	0.032308754677499864
-4876	0.03234469258253301
-4874	0.03238069494534734
-4872	0.03241676187564156
-4870	0.03245289348309627
-4868	0.03248908987737171
-4866	0.032525351168105884
-4864	0.03256167746491233
-4862	0.032598068877377914
-4860	0.03263452551506076
-4858	0.03267104748748815
-4856	0.03270763490415422
-4854	0.03274428787451778
-4852	0.032781006508
-4850	0.032817790913982514
-4848	0.032854641201804494
-4846	0.03289155748076111
-4844	0.03292853986010067
-4842	0.0329655884490226
-4840	0.033002703356674865
-4838	0.033039884692151786
-4836	0.03307713256449148
-4834	0.03311444708267366
-4832	0.03315182835561706
-4830	0.03318927649217682
-4828	0.03322679160114243
-4826	0.03326437379123483
-4824	0.033302023171104166
-4822	0.033339739849327074
-4820	0.0333775239344041
-4818	0.03341537553475729
-4816	0.0334532947587275
-4814	0.03349128171457159
-4812	0.0335293365104602
-4810	0.03356745925447446
-4808	0.03360565005460396
-4806	0.0336439090187435
-4804	0.03368223625469058
-4802	0.03372063187014261
-4800	0.03375909597269426
-4798	0.03379762866983421
-4796	0.03383623006894284
-4794	0.03387490027728899
-4792	0.033913639402027254
-4790	0.03395244755019509
-4788	0.03399132482870962
-4786	0.034030271344365044
-4784	0.03406928720382944
-4782	0.034108372513641794
-4780	0.03414752738020886
-4778	0.03418675190980248
-4776	0.034226046208555856
-4774	0.03426541038246099
-4772	0.034304844537365424
-4770	0.03434434877896893
-4768	0.03438392321282046
-4766	0.03442356794431478
-4764	0.03446328307868943
-4762	0.03450306872102131
-4760	0.0345429249762234
-4758	0.034582851949041524
-4756	0.03462284974405094
-4754	0.03466291846565285
-4752	0.03470305821807138
-4750	0.0347432691053495
-4748	0.03478355123134631
-4746	0.03482390469973295
-4744	0.03486432961398944
-4742	0.03490482607740095
-4740	0.03494539419305428
-4738	0.03498603406383447
-4736	0.035026745792420724
-4734	0.03506752948128307
-4732	0.03510838523267868
-4730	0.035149313148648
-4728	0.03519031333101113
-4726	0.03523138588136397
-4724	0.035272530901074274
-4722	0.03531374849127832
-4720	0.03535503875287634
-4718	0.035396401786529176
-4716	0.03543783769265395
-4714	0.035479346571420586
-4712	0.03552092852274724
-4710	0.03556258364629674
-4708	0.03560431204147225
-4706	0.035646113807413296
-4704	0.03568798904299171
-4702	0.03572993784680736
-4700	0.03577196031718388
-4698	0.03581405655216475
-4696	0.03585622664950873
-4694	0.03589847070668578
-4692	0.03594078882087277
-4690	0.03598318108894883
-4688	0.03602564760749133
-4686	0.036068188472771205
-4684	0.036110803780748664
-4682	0.03615349362706866
-4680	0.036196258107056234
-4678	0.036239097315712065
-4676	0.036282011347708115
-4674	0.03632500029738246
-4672	0.03636806425873512
-4670	0.03641120332542308
-4668	0.03645441759075576
-4666	0.03649770714768997
-4664	0.036541072088825455
-4662	0.036584512506399665
-4660	0.03662802849228318
-4658	0.036671620137974696
-4656	0.03671528753459603
-4654	0.03675903077288709
-4652	0.03680284994320095
-4650	0.0368467451354988
-4648	0.03689071643934462
-4646	0.03693476394390038
-4644	0.03697888773792047
-4642	0.03702308790974683
-4640	0.03706736454730349
-4638	0.03711171773809118
-4636	0.03715614756918218
-4634	0.037200654127214995
-4632	0.037245237498388636
-4630	0.037289897768457494
-4628	0.0373346350227254
-4626	0.037379449346040636
-4624	0.03742434082278996
-4622	0.03746930953689305
-4620	0.03751435557179688
-4618	0.03755947901047005
-4616	0.03760467993539695
-4614	0.03764995842857194
-4612	0.03769531457149364
-4610	0.03774074844515895
-4608	0.03778626013005714
-4606	0.0378318497061639
-4604	0.037877517252935415
-4602	0.037923262849301954
-4600	0.037969086573662394
-4598	0.03801498850387738
-4596	0.038060968717263624
-4594	0.03810702729058762
-4592	0.0381531643000591
-4590	0.03819937982132477
-4588	0.03824567392946235
-4586	0.038292046698973556
-4584	0.03833849820377815
-4582	0.038385028517206994
-4580	0.038431637711995766
-4578	0.03847832586027838
-4576	0.03852509303358019
-4574	0.03857193930281122
-4572	0.03861886473825977
-4570	0.03866586940958516
-4568	0.03871295338581134
-4566	0.03876011673531953
-4564	0.03880735952584159
-4562	0.03885468182445307
-4560	0.03890208369756584
-4558	0.03894956521092141
-4556	0.03899712642958349
-4554	0.03904476741793077
-4552	0.03909248823964999
-4550	0.03914028895772822
-4548	0.039188169634445935
-4546	0.03923613033136939
-4544	0.03928417110934304
-4542	0.03933229202848221
-4540	0.03938049314816567
-4538	0.0394287745270278
-4536	0.03947713622295087
-4534	0.039525578293057625
-4532	0.03957410079370319
-4530	0.03962270378046739
-4528	0.039671387308147
-4526	0.03972015143074758
-4524	0.03976899620147553
-4522	0.039817921672730135
-4520	0.03986692789609553
-4518	0.0399160149223322
-4516	0.039965182801369216
-4514	0.040014431582295625
-4512	0.0400637613133523
-4510	0.0401131720419234
-4508	0.040162663814528134
-4506	0.040212236676811945
-4504	0.04026189067353851
-4502	0.040311625848580335
-4500	0.04036144224491085
-4498	0.04041133990459497
-4496	0.040461318868781085
-4494	0.04051137917769137
-4492	0.04056152087061343
-4490	0.04061174398589116
-4488	0.04066204856091571
-4486	0.040712434632116275
-4484	0.04076290223495116
-4482	0.04081345140389828
-4480	0.040864082172446185
-4478	0.04091479457308443
-4476	0.040965588637294194
-4474	0.04101646439553913
-4472	0.041067421877255365
-4470	0.041118461110842164
-4468	0.041169582123652314
-4466	0.04122078494198215
-4464	0.04127206959106193
-4462	0.04132343609504595
-4460	0.041374884477002494
-4458	0.04142641475890415
-4456	0.041478026961617356
-4454	0.041529721104892565
-4452	0.04158149720735392
-4450	0.04163335528648886
-4448	0.04168529535863801
-4446	0.04173731743898494
-4444	0.04178942154154509
-4442	0.04184160767915588
-4440	0.041893875863465574
-4438	0.041946226104923226
-4436	0.04199865841276709
-4434	0.04205117279501469
-4432	0.04210376925845128
-4430	0.04215644780861921
-4428	0.04220920844980681
-4426	0.042262051185037244
-4424	0.04231497601605736
-4422	0.04236798294332647
-4420	0.04242107196600513
-4418	0.0424742430819434
-4416	0.042527496287669865
-4414	0.04258083157837972
-4412	0.042634248947923135
-4410	0.042687748388793884
-4408	0.042741329892117416
-4406	0.04279499344763881
-4404	0.04284873904371125
-4402	0.04290256666728365
-4400	0.04295647630388874
-4398	0.043010467937631094
-4396	0.043064541551174625
-4394	0.043118697125730396
-4392	0.04317293464104426
-4390	0.04322725407538444
-4388	0.04328165540552876
-4386	0.04333613860675229
-4384	0.043390703652814666
-4382	0.04344535051594701
-4380	0.043500079166839296
-4378	0.043554889574627435
-4376	0.04360978170688013
-4374	0.04366475552958596
-4372	0.043719811007139786
-4370	0.043774948102330055
-4368	0.043830166776325036
-4366	0.04388546698865948
-4364	0.043940848697221084
-4362	0.043996311858237165
-4360	0.04405185642626038
-4358	0.04410748235415553
-4356	0.04416318959308565
-4354	0.04421897809249766
-4352	0.04427484780010851
-4350	0.04433079866189139
-4348	0.04438683062206119
-4346	0.04444294362306018
-4344	0.044499137605543915
-4342	0.04455541250836657
-4340	0.04461176826856622
-4338	0.044668204821350685
-4336	0.04472472210008244
-4334	0.04478132003626381
-4332	0.04483799855952217
-4330	0.04489475759759478
-4328	0.04495159707631399
-4326	0.045008516919591776
-4324	0.04506551704940461
-4322	0.04512259738577802
-4320	0.0451797578467711
-4318	0.04523699834846106
-4316	0.04529431880492771
-4314	0.04535171912823734
-4312	0.0454091992284272
-4310	0.04546675901348933
-4308	0.04552439838935497
-4306	0.0455821172598779
-4304	0.04563991552681854
-4302	0.04569779308982775
-4300	0.04575574984642992
-4298	0.045813785692007336
-4296	0.04587190051978243
-4294	0.04593009422080218
-4292	0.04598836668392074
-4290	0.04604671779578244
-4288	0.04610514744080536
-4286	0.04616365550116362
-4284	0.04622224185677049
-4282	0.04628090638526129
-4280	0.046339648961975434
-4278	0.04639846945993955
-4276	0.046457367749849585
-4274	0.046516343700053066
-4272	0.046575397176531357
-4270	0.04663452804288192
-4268	0.04669373616030014
-4266	0.04675302138756117
-4264	0.04681238358100204
-4262	0.046871822594502885
-4260	0.04693133827946891
-4258	0.0469909304848117
-4256	0.047050599056930556
-4254	0.04711034383969404
-4252	0.04717016467442077
-4250	0.047230061399860634
-4248	0.04729003385217587
-4246	0.04735008186492156
-4244	0.04741020526902689
-4242	0.04747040389277528
-4240	0.04753067756178516
-4238	0.04759102609899038
-4236	0.04765144932462039
-4234	0.047711947056180586
-4232	0.04777251910843225
-4230	0.04783316529337269
-4228	0.04789388542021486
-4226	0.047954679295367404
-4224	0.04801554672241401
-4222	0.04807648750209328
-4220	0.048137501432277734
-4218	0.04819858830795362
-4216	0.04825974792119948
-4214	0.04832098006116583
-4212	0.04838228451405385
-4210	0.0484436610630942
-4208	0.04850510948852581
-4206	0.048566629567574626
-4204	0.04862822107443193
-4202	0.048689883780232854
-4200	0.04875161745303464
-4198	0.04881342185779486
-4196	0.04887529675634921
-4194	0.04893724190738998
-4192	0.048999257066443105
-4190	0.04906134198584673
-4188	0.049123496414728005
-4186	0.049185720098981124
-4184	0.049248012781244244
-4182	0.049310374200877145
-4180	0.049372804093937996
-4178	0.049435302193160405
-4176	0.04949786822793044
-4174	0.04956050192426333
-4172	0.04962320300477991
-4170	0.0496859711886834
-4168	0.04974880619173568
-4166	0.049811707726233424
-4164	0.04987467550098457
-4162	0.049937709221284085
-4160	0.05000080858889001
-4158	0.05006397330199896
-4156	0.05012720305522237
-4154	0.050190497539561466
-4152	0.05025385644238284
-4150	0.05031727944739405
-4148	0.05038076623461828
-4146	0.0504443164803699
-4144	0.05050792985722901
-4142	0.05057160603401631
-4140	0.05063534467576805
-4138	0.05069914544371031
-4136	0.05076300799523337
-4134	0.05082693198386622
-4132	0.050890917059250834
-4130	0.050954962867115636
-4128	0.05101906904925048
-4126	0.05108323524347911
-4124	0.05114746108363405
-4122	0.05121174619952941
-4120	0.051276090216934564
-4118	0.051340492757547526
-4116	0.051404953438967844
-4114	0.05146947187467011
-4112	0.0515340476739762
-4110	0.051598680442028866
-4108	0.051663369779763664
-4106	0.05172811528388197
-4104	0.05179291654682307
-4102	0.05185777315673681
-4100	0.05192268469745548
-4098	0.05198765074846569
-4096	0.05205267088488069
-4094	0.05211774467741184
-4092	0.052182871692340344
-4090	0.052248051491488604
-4088	0.05231328363219195
-4086	0.0523785676672696
-4084	0.05244390314499568
-4082	0.05250928960907077
-4080	0.05257472659859213
-4078	0.05264021364802483
-4076	0.052705750287172184
-4074	0.052771336041146324
-4072	0.05283697043033846
-4070	0.052902652970389395
-4068	0.052968383172159156
-4066	0.053034160541697205
-4064	0.0530999845802124
-4062	0.05316585478404254
-4060	0.05323177064462383
-4058	0.05329773164846063
-4056	0.053363737277094536
-4054	0.053429787007073674
-4052	0.053495880309921855
-4050	0.0535620166521072
-4048	0.053628195495011334
-4046	0.05369441629489771
-4044	0.05376067850288048
-4042	0.05382698156489272
-4040	0.0538933249216547
-4038	0.05395970800864228
-4036	0.054026130256054634
-4034	0.05409259108878228
-4032	0.05415908992637513
-4030	0.05422562618300975
-4028	0.05429219926745706
-4026	0.054358808583049756
-4024	0.05442545352764963
-4022	0.054492133493614425
-4020	0.0545588478677655
-4018	0.05462559603135389
-4016	0.054692377360027744
-4014	0.05475919122379863
-4012	0.0548260369870081
-4010	0.05489291400829432
-4008	0.05495982164055805
-4006	0.05502675923092902
-4004	0.05509372612073154
-4002	0.05516072164545107
-4000	0.05522774513469942
-3998	0.05529479591218065
-3996	0.05536187329565661
-3994	0.05542897659691218
-3992	0.055496105121721005
-3990	0.055563258169809886
-3988	0.05563043503482475
-3986	0.05569763500429467
-3984	0.055764857359597644
-3982	0.05583210137592435
-3980	0.05589936632224326
-3978	0.05596665146126502
-3976	0.056033956049406614
-3974	0.05610127933675584
-3972	0.056168620567035324
-3970	0.05623597897756615
-3968	0.05630335379923242
-3966	0.05637074425644446
-3964	0.056438149567102525
-3962	0.056505568942560674
-3960	0.056573001587589836
-3958	0.056640446700341324
-3956	0.056707903472309834
-3954	0.056775371088296785
-3952	0.05684284872637304
-3950	0.05691033555784209
-3948	0.05697783074720233
-3946	0.057045333452110256
-3944	0.057112842823342724
-3942	0.05718035800475936
-3940	0.05724787813326517
-3938	0.0573154023387722
-3936	0.057382929744162446
-3934	0.057450459465249265
-3932	0.057517990610739755
-3930	0.05758552228219609
-3928	0.05765305357399766
-3926	0.05772058357330273
-3924	0.05778811136000961
-3922	0.057855636006718406
-3920	0.05792315657869226
-3918	0.057990672133818685
-3916	0.05805818172257074
-3914	0.058125684387967856
-3912	0.05819317916553715
-3910	0.05826066508327418
-3908	0.05832814116160378
-3906	0.058395606413340684
-3904	0.058463059843650404
-3902	0.05853050045000941
-3900	0.0585979272221661
-3898	0.05866533914210063
-3896	0.058732735183985904
-3894	0.05880011431414714
-3892	0.05886747549102243
-3890	0.058934817665122756
-3888	0.059002139778992026
-3886	0.059069440767167025
-3884	0.059136719556136946
-3882	0.05920397506430397
-3880	0.059271206201942324
-3878	0.05933841187115802
-3876	0.05940559096584889
-3874	0.05947274237166377
-3872	0.05953986496596202
-3870	0.059606957617773175
-3868	0.059674019187756215
-3866	0.0597410485281588
-3864	0.05980804448277649
-3862	0.059875005886912414
-3860	0.059941931567335696
-3858	0.060008820342241524
-3856	0.06007567102120936
-3854	0.060142482405162276
-3852	0.06020925328632643
-3850	0.06027598244818939
-3848	0.06034266866545913
-3846	0.060409310704023604
-3844	0.060475907320908545
-3842	0.06054245726423724
-3840	0.060608959273188906
-3838	0.06067541207795739
-3836	0.060741814399710214
-3834	0.06080816495054723
-3832	0.06087446243345911
-3830	0.06094070554228642
-3828	0.06100689296167808
-3826	0.06107302336705007
-3824	0.061139095424544355
-3822	0.061205107790987215
-3820	0.06127105911384807
-3818	0.06133694803119826
-3816	0.061402773171669596
-3814	0.061468533154413266
-3812	0.06153422658905805
-3810	0.06159985207566963
-3808	0.06166540820470894
-3806	0.06173089355699107
-3804	0.061796306703644034
-3802	0.061861646206067246
-3800	0.06192691061589092
-3798	0.06199209847493455
-3796	0.06205720831516571
-3794	0.06212223865865931
-3792	0.06218718801755632
-3790	0.06225205489402294
-3788	0.06231683778020935
-3786	0.062381535158209336
-3784	0.06244614550001884
-3782	0.06251066726749588
-3780	0.06257509891231923
-3778	0.06263943887594797
-3776	0.06270368558958106
-3774	0.06276783747411677
-3772	0.06283189294011196
-3770	0.06289585038774223
-3768	0.06295970820676128
-3766	0.06302346477646083
-3764	0.0630871184656306
-3762	0.06315066763251852
-3760	0.06321411062479007
-3758	0.06327744577948956
-3756	0.06334067142299979
-3754	0.06340378587100262
-3752	0.0634667874284396
-3750	0.0635296743894726
-3748	0.0635924450374447
-3746	0.06365509764484106
-3744	0.0637176304732501
-3742	0.06378004177332454
-3740	0.06384232978474308
-3738	0.06390449273617131
-3736	0.06396652884522436
-3734	0.06402843631842776
-3732	0.06409021335118
-3730	0.06415185812771455
-3728	0.06421336882106211
-3726	0.0642747435930135
-3724	0.0643359805940817
-3722	0.06439707796346562
-3720	0.06445803382901233
-3718	0.06451884630718106
-3716	0.06457951350300634
-3714	0.06464003351006163
-3712	0.06470040441042378
-3710	0.0647606242746364
-3708	0.06482069116167521
-3706	0.06488060311891186
-3704	0.06494035818207908
-3702	0.06499995437523588
-3700	0.06505938971073304
-3698	0.06511866218917835
-3696	0.06517776979940282
-3694	0.06523671051842693
-3692	0.06529548231142654
-3690	0.06535408313170041
-3688	0.0654125109206366
-3686	0.06547076360768009
-3684	0.06552883911030039
-3682	0.06558673533395934
-3680	0.06564445017207952
-3678	0.06570198150601289
-3676	0.06575932720500946
-3674	0.06581648512618679
-3672	0.06587345311449942
-3670	0.06593022900270905
-3668	0.06598681061135461
-3666	0.06604319574872305
-3664	0.06609938221082073
-3662	0.06615536778134415
-3660	0.06621115023165242
-3658	0.06626672732073913
-3656	0.06632209679520533
-3654	0.0663772563892323
-3652	0.06643220382455511
-3650	0.06648693681043671
-3648	0.06654145304364185
-3646	0.06659575020841255
-3644	0.06664982597644249
-3642	0.0667036780068536
-3640	0.06675730394617159
-3638	0.06681070142830298
-3636	0.06686386807451217
-3634	0.06691680149339892
-3632	0.06696949928087688
-3630	0.067021959020152
-3628	0.06707417828170167
-3626	0.06712615462325473
-3624	0.0671778855897715
-3622	0.06722936871342469
-3620	0.06728060151358109
-3618	0.06733158149678291
-3616	0.06738230615673096
-3614	0.0674327729742674
-3612	0.06748297941735966
-3610	0.06753292294108465
-3608	0.06758260098761396
-3606	0.0676320109861993
-3604	0.06768115035315875
-3602	0.06773001649186358
-3600	0.06777860679272608
-3598	0.0678269186331876
-3596	0.06787494937770742
-3594	0.06792269637775263
-3592	0.06797015697178788
-3590	0.06801732848526719
-3588	0.06806420823062498
-3586	0.06811079350726926
-3584	0.06815708160157416
-3582	0.06820306978687439
-3580	0.06824875532346002
-3578	0.06829413545857185
-3576	0.06833920742639793
-3574	0.0683839684480706
-3572	0.06842841573166455
-3570	0.06847254647219565
-3568	0.06851635785162062
-3566	0.06855984703883743
-3564	0.0686030111896869
-3562	0.06864584744695487
-3560	0.06868835294037513
-3558	0.06873052478663404
-3556	0.068772360089375
-3554	0.06881385593920453
-3552	0.06885500941369929
-3550	0.06889581757741378
-3548	0.06893627748188916
-3546	0.06897638616566291
-3544	0.06901614065427997
-3542	0.06905553796030411
-3540	0.06909457508333104
-3538	0.0691332490100022
-3536	0.06917155671401976
-3534	0.06920949515616227
-3532	0.06924706128430234
-3530	0.06928425203342435
-3528	0.06932106432564372
-3526	0.06935749507022751
-3524	0.06939354116361621
-3522	0.06942919948944581
-3520	0.06946446691857222
-3518	0.0694993403090963
-3516	0.0695338165063897
-3514	0.06956789234312297
-3512	0.06960156463929384
-3510	0.06963483020225751
-3508	0.06966768582675742
-3506	0.06970012829495847
-3504	0.06973215437648014
-3502	0.06976376082843218
-3500	0.0697949443954507
-3498	0.06982570180973631
-3496	0.06985602979109298
-3494	0.0698859250469688
-3492	0.06991538427249781
-3490	0.0699444041505436
-3488	0.06997298135174358
-3486	0.07000111253455621
-3484	0.07002879434530755
-3482	0.07005602341824127
-3480	0.07008279637556912
-3478	0.07010910982752294
-3476	0.07013496037240875
-3474	0.07016034459666186
-3472	0.07018525907490397
-3470	0.07020970037000107
-3468	0.07023366503312435
-3466	0.07025714960381137
-3464	0.07028015061002943
-3462	0.0703026645682409
-3460	0.07032468798346969
-3458	0.0703462173493697
-3456	0.07036724914829509
-3454	0.07038777985137196
-3452	0.0704078059185722
-3450	0.07042732379878883
-3448	0.07044632992991313
-3446	0.070464820738914
-3444	0.07048279264191842
-3442	0.07050024204429467
-3440	0.07051716534073665
-3438	0.07053355891535053
-3436	0.07054941914174326
-3434	0.07056474238311286
-3432	0.07057952499234098
-3430	0.07059376331208715
-3428	0.07060745367488512
-3426	0.07062059240324141
-3424	0.07063317580973562
-3422	0.07064520019712307
-3420	0.07065666185843922
-3418	0.07066755707710669
-3416	0.07067788212704394
-3414	0.07068763327277638
-3412	0.07069680676954945
-3410	0.07070539886344425
-3408	0.070713405791495
-3406	0.07072082378180904
-3404	0.07072764905368892
-3402	0.07073387781775682
-3400	0.07073950627608169
-3398	0.07074453062230765
-3396	0.0707489470417861
-3394	0.07075275171170932
-3392	0.07075594080124686
-3390	0.07075851047168409
-3388	0.07076045687656331
-3386	0.07076177616182792
-3384	0.07076246446596758
-3382	0.07076251792016805
-3380	0.07076193264846144
-3378	0.07076070476788066
-3376	0.0707588303886153
-3374	0.07075630561417126
-3372	0.07075312654153196
-3370	0.07074928926132282
-3368	0.07074478985797822
-3366	0.07073962440991163
-3364	0.07073378898968777
-3362	0.07072727966419809
-3360	0.0707200924948385
-3358	0.07071222353769115
-3356	0.07070366884370717
-3354	0.07069442445889411
-3352	0.07068448642450488
-3350	0.07067385077723078
-3348	0.07066251354939648
-3346	0.07065047076915862
-3344	0.07063771846070731
-3342	0.07062425264447023
-3340	0.07061006933732047
-3338	0.07059516455278685
-3336	0.07057953430126769
-3334	0.07056317459024769
-3332	0.07054608142451768
-3330	0.07052825080639799
-3328	0.07050967873596467
-3326	0.07049036121127929
-3324	0.07047029422862126
-3322	0.07044947378272486
-3320	0.07042789586701785
-3318	0.07040555647386482
-3316	0.07038245159481332
-3314	0.07035857722084299
-3312	0.07033392934261927
-3310	0.07030850395074933
-3308	0.07028229703604234
-3306	0.07025530458977255
-3304	0.0702275226039464
-3302	0.07019894707157358
-3300	0.07016957398694022
-3298	0.07013939934588727
-3296	0.07010841914609164
-3294	0.07007662938735128
-3292	0.07004402607187406
-3290	0.07001060520456992
-3288	0.06997636279334693
-3286	0.06994129484941225
-3284	0.06990539738757444
-3282	0.06986866642655233
-3280	0.06983109798928538
-3278	0.06979268810325027
-3276	0.06975343280077884
-3274	0.06971332811938213
-3272	0.06967237010207711
-3270	0.06963055479771808
-3268	0.0695878782613315
-3266	0.06954433655445537
-3264	0.06949992574548249
-3262	0.0694546419100076
-3260	0.06940848113117902
-3258	0.0693614395000543
-3256	0.06931351311595968
-3254	0.06926469808685443
-3252	0.06921499052969882
-3250	0.06916438657082652
-3248	0.06911288234632186
-3246	0.06906047400239981
-3244	0.06900715769579246
-3242	0.06895292959413793
-3240	0.06889778587637488
-3238	0.06884172273314071
-3236	0.06878473636717466
-3234	0.06872682299372508
-3232	0.06866797884096154
-3230	0.06860820015039043
-3228	0.06854748317727673
-3226	0.0684858241910689
-3224	0.06842321947582887
-3222	0.06835966533066677
-3220	0.06829515807018006
-3218	0.06822969402489767
-3216	0.06816326954172774
-3214	0.06809588098441172
-3212	0.0680275247339816
-3210	0.0679581971892231
-3208	0.0678878947671425
-3206	0.06781661390343942
-3204	0.06774435105298315
-3202	0.06767110269029504
-3200	0.06759686531003459
-3198	0.06752163542749155
-3196	0.06744540957908178
-3194	0.06736818432284865
-3192	0.06728995623896956
-3190	0.06721072193026639
-3188	0.06713047802272253
-3186	0.06704922116600288
-3184	0.06696694803398096
-3182	0.0668836553252692
-3180	0.06679933976375543
-3178	0.066713998099144
-3176	0.06662762710750171
-3174	0.0665402235918098
-3172	0.06645178438251942
-3170	0.0663623063381136
-3168	0.06627178634567414
-3166	0.06618022132145292
-3164	0.06608760821144896
-3162	0.06599394399199043
-3160	0.06589922567032218
-3158	0.06580345028519782
-3156	0.06570661490747758
-3154	0.06560871664073094
-3152	0.06550975262184511
-3150	0.06540972002163797
-3148	0.06530861604547684
-3146	0.06520643793390196
-3144	0.06510318296325578
-3142	0.06499884844631755
-3140	0.06489343173294232
-3138	0.0647869302107062
-3136	0.06467934130555643
-3134	0.06457066248246664
-3132	0.06446089124609786
-3130	0.0643500251414644
-3128	0.06423806175460507
-3126	0.06412499871326002
-3124	0.06401083368755224
-3122	0.0638955643906752
-3120	0.06377918857958526
-3118	0.06366170405569936
-3116	0.06354310866559783
-3114	0.06342340030173339
-3112	0.06330257690314445
-3110	0.06318063645617404
-3108	0.06305757699519395
-3106	0.06293339660333451
-3104	0.06280809341321925
-3102	0.06268166560770456
-3100	0.06255411142062524
-3098	0.06242542913754488
-3096	0.06229561709651165
-3094	0.06216467368881864
-3092	0.06203259735977097
-3090	0.06189938660945583
-3088	0.061765039993519615
-3086	0.06162955612394937
-3084	0.0614929336698591
-3082	0.06135517135828199
-3080	0.061216267974966904
-3078	0.06107622236518047
-3076	0.060935033434513716
-3074	0.0607927001496945
-3072	0.060649221539403886
-3070	0.06050459669509818
-3068	0.060358824771836135
-3066	0.060211904989110075
-3064	0.06006383663168258
-3062	0.05991461905042831
-3060	0.05976425166317973
-3058	0.059612733955577854
-3056	0.05946006548192902
-3054	0.05930624586606359
-3052	0.05915127480220281
-3050	0.05899515205582648
-3048	0.058837877464549104
-3046	0.05867945093899693
-3044	0.058519872463691974
-3042	0.05835914209793963
-3040	0.058197259976720046
-3038	0.05803422631158523
-3036	0.05787004139155858
-3034	0.057704705584040665
-3032	0.05753821933571737
-3030	0.05737058317347334
-3028	0.0572017977053089
-3026	0.05703186362126079
-3024	0.05686078169432787
-3022	0.05668855278139883
-3020	0.05651517782418577
-3018	0.05634065785015968
-3016	0.05616499397349081
-3014	0.05598818739599193
-3012	0.055810239408065274
-3010	0.05563115138965296
-3008	0.055450924811190676
-3006	0.055269561234564474
-3004	0.055087062314071095
-3002	0.054903429797380644
-3000	0.05471866552650358
-2998	0.05453277143875887
-2996	0.05434574956774628
-2994	0.054157602044320886
-2992	0.053968331097570495
-2990	0.05377793905579421
-2988	0.05358642834748612
-2986	0.053393801502318455
-2984	0.05320006115212872
-2982	0.05300521003190811
-2980	0.05280925098079198
-2978	0.05261218694305281
-2976	0.05241402096909403
-2974	0.05221475621644582
-2972	0.05201439595076266
-2970	0.051812943546821776
-2968	0.05161040248952344
-2966	0.051406776374891563
-2964	0.051202068911075614
-2962	0.05099628391935444
-2960	0.05078942533513858
-2958	0.05058149720897506
-2956	0.05037250370755172
-2954	0.05016244911470201
-2952	0.04995133783240995
-2950	0.049739174381814896
-2948	0.049525963404216285
-2946	0.04931170966207761
-2944	0.049096418040030454
-2942	0.04888009354587785
-2940	0.0486627413115958
-2938	0.048444366594334744
-2936	0.04822497477741987
-2934	0.04800457137134927
-2932	0.047783162014791
-2930	0.04756075247557868
-2928	0.04733734865170415
-2926	0.04711295657230922
-2924	0.04688758239867451
-2922	0.046661232425204945
-2920	0.04643391308041438
-2918	0.04620563092790556
-2916	0.0459763926673478
-2914	0.04574620513545072
-2912	0.04551507530693523
-2910	0.04528301029550003
-2908	0.04505001735478407
-2906	0.04481610387932513
-2904	0.044581277405513646
-2902	0.04434554561254219
-2900	0.0441089163233491
-2898	0.04387139750555777
-2896	0.04363299727241037
-2894	0.04339372388369521
-2892	0.04315358574666893
-2890	0.04291259141697214
-2888	0.04267074959953814
-2886	0.04242806914949585
-2884	0.04218455907306456
-2882	0.041940228528442695
-2880	0.04169508682668722
-2878	0.04144914343258754
-2876	0.0412024079655288
-2874	0.040954890200348384
-2872	0.040706600068182976
-2870	0.04045754765730718
-2868	0.04020774321396158
-2866	0.039957197143172744
-2864	0.03970592000956183
-2862	0.03945392253814389
-2860	0.03920121561511608
-2858	0.038947810288634865
-2856	0.03869371776958242
-2854	0.03843894943232104
-2852	0.038183516815435505
-2850	0.03792743162246374
-2848	0.03767070572261415
-2846	0.03741335115147047
-2844	0.037155380111683026
-2842	0.03689680497364644
-2840	0.03663763827616293
-2838	0.03637789272709169
-2836	0.036117581203983076
-2834	0.03585671675469758
-2832	0.035595312598009604
-2830	0.03533338212419473
-2828	0.035070938895600846
-2826	0.03480799664720306
-2824	0.034544569287140274
-2822	0.03428067089723528
-2820	0.03401631573349618
-2818	0.0337515182265999
-2816	0.03348629298235657
-2814	0.0332206547821544
-2812	0.03295461858338583
-2810	0.03268819951985237
-2808	0.03242141290214971
-2806	0.03215427421803142
-2804	0.03188679913275154
-2802	0.03161900348938497
-2800	0.0313509033091255
-2798	0.031082514791561135
-2796	0.03081385431492646
-2794	0.030544938436330316
-2792	0.030275783891960277
-2790	0.03000640759726152
-2788	0.02973682664709138
-2786	0.029467058315847547
-2784	0.02919712005756997
-2782	0.028927029506016545
-2780	0.028656804474711802
-2778	0.028386462956966924
-2776	0.028116023125872455
-2774	0.027845503334261838
-2772	0.02757492211464602
-2770	0.027304298179117892
-2768	0.02703365041922673
-2766	0.02676299790582162
-2764	0.026492359888863736
-2762	0.026221755797206318
-2760	0.025951205238342687
-2758	0.025680727998120788
-2756	0.02541034404042446
-2754	0.025140073506820525
-2752	0.024869936716171156
-2750	0.024599954164210847
-2748	0.024330146523087976
-2746	0.024060534640869817
-2744	0.023791139541010125
-2742	0.02352198242177992
-2740	0.023253084655659777
-2738	0.022984467788693185
-2736	0.022716153539801446
-2734	0.022448163800057402
-2732	0.02218052063191995
-2730	0.021913246268426674
-2728	0.021646363112345156
-2726	0.021379893735281767
-2724	0.02111386087674794
-2722	0.020848287443182463
-2720	0.020583196506930034
-2718	0.020318611305175246
-2716	0.020054555238830443
-2714	0.01979105187137861
-2712	0.019528124927669074
-2710	0.01926579829266614
-2708	0.01900409601015006
-2706	0.0187430422813695
-2704	0.01848266146364477
-2702	0.018222978068921536
-2700	0.017964016762274233
-2698	0.01770580236035868
-2696	0.017448359829812313
-2694	0.01719171428560361
-2692	0.01693589098932724
-2690	0.01668091534744674
-2688	0.016426812909482537
-2686	0.016173609366145838
-2684	0.015921330547416165
-2682	0.01567000242056411
-2680	0.015419651088116368
-2678	0.015170302785764379
-2676	0.014921983880214576
-2674	0.01467472086698026
-2672	0.014428540368114282
-2670	0.014183469129882529
-2668	0.013939534020375854
-2666	0.013696762027062284
-2664	0.013455180254276843
-2662	0.013214815920649483
-2660	0.012975696356469876
-2658	0.01273784900098925
-2656	0.012501301399657536
-2654	0.01226608120129658
-2652	0.012032216155207425
-2650	0.011799734108212402
-2648	0.011568663001630074
-2646	0.011339030868184049
-2644	0.011110865828843401
-2642	0.010884196089595247
-2640	0.010659049938148868
-2638	0.010435455740569942
-2636	0.010213441937845567
-2634	0.009993037042378522
-2632	0.009774269634410571
-2630	0.009557168358374538
-2628	0.009341761919174085
-2626	0.009128079078391341
-2624	0.008916148650421443
-2622	0.008705999498532912
-2620	0.008497660530855156
-2618	0.008291160696290609
-2616	0.00808652898035203
-2614	0.00788379440092483
-2612	0.0076829860039528955
-2610	0.007484132859048767
-2608	0.0072872640550263055
-2606	0.0070924086953569184
-2604	0.006899595893547911
-2602	0.006708854768442702
-2600	0.006520214439442921
-2598	0.006333704021652099
-2596	0.006149352620939465
-2594	0.005967189328925455
-2592	0.005787243217886572
-2590	0.005609543335580671
-2588	0.00543411869999233
-2586	0.005260998293996683
-2584	0.005090211059943345
-2582	0.004921785894158956
-2580	0.004755751641368321
-2578	0.004592137089034262
-2576	0.0044309709616158245
-2574	0.004272281914744507
-2572	0.00411609852931899
-2570	0.003962449305516987
-2568	0.003811362656725874
-2566	0.00366286690339025
-2564	0.003516990266778012
-2562	0.0033737608626633418
-2560	0.0032332066949278394
-2558	0.0030953556490792692
-2556	0.0029602354856879507
-2554	0.0028278738337411424
-2552	0.0026982981839149705
-2550	0.002571535881764888
-2548	0.0024476141208338085
-2546	0.0023265599356791272
-2544	0.002208400194817782
-2542	0.0020931615935903627
-2540	0.0019808706469444377
-2538	0.0018715536821370447
-2536	0.0017652368313569693
-2534	0.0016619460242668768
-2532	0.0015617069804663836
-2530	0.0014645452018755291
-2528	0.0013704859650397684
-2526	0.0012795543133569975
-2524	0.0011917750492266338
-2522	0.0011071727261218705
-2520	0.0010257716405855277
-2518	0.0009475958241499095
-2516	0.0008726690351816707
-2514	0.0008010147506524922
-2512	0.0007326561578356917
-2510	0.0006676161459304134
-2508	0.000605917297613765
-2506	0.0005475818805216936
-2504	0.0004926318386600254
-2502	0.00044108878374603613
-2500	0.0003929739864821138
-2498	0.0003483083677622188
-2496	0.00030711248981235323
-2494	0.0002694065472664205
-2492	0.00023521035817826715
-2490	0.00020454335497152007
-2488	0.00017742457532836373
-2486	0.0001538726530186543
-2484	0.00013390580867077352
-2482	0.0001175418404856862
-2480	0.00010479811489570178
-2478	0.00009569155716954623
-2476	0.00009023864196529338
-2474	0.00008845538383292288
-2472	0.00009035732766815865
-2470	0.00009595953911942875
-2468	0.00010527659494976612
-2466	0.00011832257335555877
-2464	0.0001351110442441348
-2462	0.00015565505947216166
-2460	0.0001799671430470158
-2458	0.00020805928129317955
-2456	0.00023994291298594302
-2454	0.00027562891945464126
-2452	0.0003151276146578584
-2450	0.00035844873523277856
-2448	0.0004056014305213716
-2446	0.00045659425257592426
-2444	0.000511435146146322
-2442	0.0005701314386519237
-2440	0.0006326898301408076
-2438	0.0006991163832389576
-2436	0.0007694165130924754
-2434	0.0008435949773056726
-2432	0.000921655865878088
-2430	0.0010036025911434431
-2428	0.0010894378777138506
-2426	0.001179163752432253
-2424	0.0012727815343366526
-2422	0.001370291824639285
-2420	0.0014716944967245896
-2418	0.0015769886861687274
-2416	0.0016861727807851769
-2414	0.001799244410699362
-2412	0.0019162004384566374
-2410	0.002037036949166702
-2408	0.002161749240689432
-2406	0.002290331813865028
-2404	0.00242277836279318
-2402	0.002559081765165321
-2400	0.002699234072654133
-2398	0.0028432265013643107
-2396	0.002991049422349741
-2394	0.0031426923522005555
-2392	0.0032981439437055242
-2390	0.0034573919765937275
-2388	0.003620423348360783
-2386	0.0037872240651836858
-2384	0.0039577792329301975
-2382	0.004132073048266615
-2380	0.004310088789869487
-2378	0.004491808809746569
-2376	0.0046772145246721936
-2374	0.004866286407741101
-2372	0.00505900398004864
-2370	0.005255345802499977
-2368	0.005455289467755612
-2366	0.005658811592318572
-2364	0.005865887808768018
-2362	0.006076492758146265
-2360	0.006290600082504012
-2358	0.006508182417610732
-2356	0.0067292113858350685
-2354	0.006953657589202175
-2352	0.007181490602633677
-2350	0.007412678967377236
-2348	0.007647190184630259
-2346	0.007884990709366593
-2344	0.00812604594437074
-2342	0.008370320234486467
-2340	0.00861777686108764
-2338	0.008868378036775773
-2336	0.00912208490031318
-2334	0.009378857511797385
-2332	0.009638654848083423
-2330	0.00990143479846221
-2328	0.010167154160600447
-2326	0.01043576863675023
-2324	0.010707232830235263
-2322	0.010981500242220348
-2320	0.011258523268772353
-2318	0.011538253198218579
-2316	0.011820640208811574
-2314	0.012105633366706144
-2312	0.012393180624257314
-2310	0.012683228818645968
-2308	0.012975723670840305
-2306	0.013270609784899624
-2304	0.013567830647629476
-2302	0.0138673286285953
-2300	0.01416904498050129
-2298	0.01447291983994404
-2296	0.014778892228547452
-2294	0.015086900054486558
-2292	0.015396880114409308
-2290	0.01570876809576282
-2288	0.01602249857953297
-2286	0.016338005043404488
-2284	0.016655219865349548
-2282	0.016974074327653597
-2280	0.017294498621384578
-2278	0.017616421851315494
-2276	0.017939772041306482
-2274	0.01826447614015524
-2272	0.01859046002792344
-2270	0.0189176485227464
-2268	0.01924596538813541
-2266	0.019575333340778073
-2264	0.019905674058846898
-2262	0.020236908190822262
-2260	0.020568955364837715
-2258	0.020901734198556
-2256	0.021235162309582046
-2254	0.021569156326422253
-2252	0.02190363189999507
-2250	0.022238503715703208
-2248	0.022573685506071896
-2246	0.022909090063962557
-2244	0.02324462925636824
-2242	0.023580214038797193
-2240	0.02391575447025253
-2238	0.024251159728815152
-2236	0.024586338127834763
-2234	0.02492119713273724
-2232	0.025255643378455
-2230	0.025589582687484777
-2228	0.025922920088581696
-2226	0.02625555983609297
-2224	0.026587405429939093
-2222	0.026918359636247793
-2220	0.02724832450864501
-2218	0.027577201410210677
-2216	0.027904891036101713
-2214	0.028231293436849353
-2212	0.028556308042334895
-2210	0.02887983368644762
-2208	0.029201768632430774
-2206	0.029522010598917684
-2204	0.029840456786664298
-2202	0.03015700390597951
-2200	0.030471548204857597
-2198	0.03078398549781623
-2196	0.031094211195441823
-2194	0.03140212033464549
-2192	0.03170760760963175
-2190	0.03201056740358095
-2188	0.03231089382104858
-2186	0.03260848072108112
-2184	0.032903221751049885
-2182	0.033195010381204516
-2180	0.033483739939943497
-2178	0.033769303649804856
-2176	0.03405159466417387
-2174	0.034330506104708364
-2172	0.03460593109947879
-2170	0.03487776282182297
-2168	0.0351458945299116
-2166	0.03541021960702327
-2164	0.03567063160252446
-2162	0.03592702427355232
-2160	0.03617929162739508
-2158	0.036427327964565825
-2156	0.036671027922564894
-2154	0.036910286520325235
-2152	0.037144999203334035
-2150	0.0373750618894251
-2148	0.037600371015233114
-2146	0.037820823583304373
-2144	0.03803631720985366
-2142	0.03824675017315903
-2140	0.038452021462585556
-2138	0.0386520308282273
-2136	0.03884667883115735
-2134	0.0390358668942735
-2132	0.039219497353729496
-2130	0.03939747351093724
-2128	0.03956969968512801
-2126	0.03973608126645828
-2124	0.039896524769645336
-2122	0.04005093788811765
-2120	0.04019922954866394
-2118	0.04034130996656397
-2116	0.040477090701183216
-2114	0.04060648471201496
-2112	0.040729406415148016
-2110	0.040845771740142256
-2108	0.040955498187291925
-2106	0.041058504885252936
-2104	0.04115471264901485
-2102	0.04124404403819317
-2100	0.041326423415617534
-2098	0.04140177700619389
-2096	0.04147003295601214
-2094	0.04153112139167562
-2092	0.04158497447982414
-2090	0.041631526486822126
-2088	0.041670713838585526
-2086	0.04170247518051457
-2084	0.04172675143750556
-2082	0.04174348587400633
-2080	0.04175262415408749
-2078	0.04175411440149242
-2076	0.04174790725963505
-2074	0.041733955951508236
-2072	0.04171221633946854
-2070	0.04168264698486132
-2068	0.041645209207444626
-2066	0.04159986714457891
-2064	0.04154658781013997
-2062	0.04148534115311489
-2060	0.04141610011583964
-2058	0.04133884069183827
-2056	0.04125354198322133
-2054	0.04116018625759496
-2052	0.04105875900442926
-2050	0.04094924899088188
-2048	0.040831648316953864
-2046	0.040705952470009875
-2044	0.04057216037856357
-2042	0.040430274465297227
-2040	0.040280300699266525
-2038	0.04012224864723249
-2036	0.03995613152407684
-2034	0.03978196624224217
-2032	0.039599773460147654
-2030	0.03940957762952452
-2028	0.03921140704161667
-2026	0.0390052938721927
-2024	0.03879127422531001
-2022	0.03856938817577727
-2020	0.03833967981025587
-2018	0.03810219726694235
-2016	0.037856992773773857
-2014	0.037604122685095394
-2012	0.03734364751673106
-2010	0.03707563197939666
-2008	0.036800145010394046
-2006	0.036517259803524306
-2004	0.03622705383715852
-2002	0.03592960890040381
-2000	0.03562501111730076
-1998	0.03531335096899012
-1996	0.03499472331378408
-1994	0.03466922740507926
-1992	0.03433696690704717
-1990	0.033998049908037085
-1988	0.03365258893162877
-1986	0.03330070094526781
-1984	0.03294250736642236
-1982	0.03257813406619408
-1980	0.03220771137032043
-1978	0.031831374057503234
-1976	0.03144926135500047
-1974	0.03106151693141568
-1972	0.03066828888662339
-1970	0.030269729738766165
-1968	0.029865996408260747
-1966	0.029457250198751003
-1964	0.02904365677494682
-1962	0.02862538613728622
-1960	0.028202612593363145
-1958	0.027775514726056813
-1956	0.0273442753583096
-1954	0.02690908151449178
-1952	0.0264701243782967
-1950	0.026027599247113616
-1948	0.02558170548282004
-1946	0.0251326464589435
-1944	0.024680629504139257
-1942	0.024225865841934577
-1940	0.023768570526689622
-1938	0.023308962375730765
-1936	0.022847263897606083
-1934	0.02238370121642564
-1932	0.021918503992239192
-1930	0.02145190533741643
-1928	0.0209841417289886
-1926	0.020515452916920748
-1924	0.020046081828276587
-1922	0.019576274467250885
-1920	0.01910627981103803
-1918	0.01863634970151289
-1916	0.018166738732703434
-1914	0.017697704134032724
-1912	0.017229505649316947
-1910	0.016762405411503773
-1908	0.016296667813144664
-1906	0.01583255937259
-1904	0.015370348595909055
-1902	0.014910305834531274
-1900	0.014452703138616919
-1898	0.013997814106161632
-1896	0.013545913727850892
-1894	0.013097278227677676
-1892	0.012652184899346379
-1890	0.012210911938485985
-1888	0.01177373827070308
-1886	0.01134094337550846
-1884	0.010912807106156363
-1882	0.010489609505439017
-1880	0.010071630617485831
-1878	0.009659150295621524
-1876	0.00925244800633989
-1874	0.008851802629459076
-1872	0.0084574922545283
-1870	0.008069793973558939
-1868	0.007688983670162926
-1866	0.00731533580518417
-1864	0.006949123198914969
-1862	0.006590616809996282
-1860	0.0062400855111064205
-1858	0.00589779586154823
-1856	0.005564011876852057
-1854	0.005238994795518156
-1852	0.004923002843026378
-1850	0.004616290993252977
-1848	0.004319110727432779
-1846	0.004031709790820101
-1844	0.0037543319472031784
-1842	0.0034872167314349786
-1840	0.0032305992001508874
-1838	0.0029847096808503556
-1836	0.002749773519526006
-1834	0.0025260108270317994
-1832	0.002313636224387659
-1830	0.002112858587226055
-1828	0.0019238807895929923
-1826	0.0017468994473222258
-1824	0.0015821046612097926
-1822	0.0014296797602220154
-1820	0.001289801044978016
-1818	0.0011626375317545783
-1816	0.0010483506972677626
-1814	0.0009470942244938892
-1812	0.0008590137497980078
-1810	0.0007842466116460698
-1808	0.0007229216011830843
-1806	0.0006751587149666397
-1804	0.0006410689101515511
-1802	0.0006207538624282764
-1800	0.0006143057270236603
-1798	0.0006218069030792577
-1796	0.000643329801728274
-1794	0.0006789366181983977
-1792	0.000728679108273221
-1790	0.0007925983694509361
-1788	0.0008707246271438808
-1786	0.0009630770262681359
-1784	0.0010696634285768454
-1782	0.0011904802160959886
-1780	0.0013255121010252316
-1778	0.0014747319424712896
-1776	0.0016381005703839282
-1774	0.0018155666170696161
-1772	0.002007066356659569
-1770	0.002212523552912553
-1768	0.002431849315735245
-1766	0.0026649419668041624
-1764	0.0029116869146758734
-1762	0.0031719565397722673
-1760	0.0034456100896291986
-1758	0.0037324935847966078
-1756	0.004032439735778231
-1754	0.004345267871398018
-1752	0.0046707838789793775
-1750	0.005008780156721075
-1748	0.0053590355786518155
-1746	0.0057213154725425834
-1744	0.006095371611151096
-1742	0.006480942217169625
-1740	0.006877751982243545
-1738	0.007285512100418908
-1736	0.007703920316375582
-1734	0.008132660988792534
-1732	0.008571405169185536
-1730	0.009019810696548298
-1728	0.009477522308120505
-1726	0.00994417176659176
-1724	0.010419378004054448
-1722	0.010902747282977632
-1720	0.011393873374496466
-1718	0.011892337754276295
-1716	0.012397709816199394
-1714	0.012909547104116775
-1712	0.013427395561879359
-1710	0.013950789801857603
-1708	0.014479253392132579
-1706	0.015012299162527488
-1704	0.01554942952962902
-1702	0.01609013684092456
-1700	0.016633903738165496
-1698	0.017180203540038252
-1696	0.017728500644207088
-1694	0.018278250948764993
-1692	0.01882890229310655
-1690	0.019379894918208577
-1688	0.019930661946278076
-1686	0.020480629879700583
-1684	0.021029219119190843
-1682	0.021575844501020135
-1680	0.022119915853161632
-1678	0.0226608385701662
-1676	0.023198014206546852
-1674	0.023730841088416294
-1672	0.024258714943090214
-1670	0.024781029546329613
-1668	0.02529717738686539
-1666	0.02580655034780626
-1664	0.02630854040449589
-1662	0.02680254033834777
-1660	0.027287944466146474
-1658	0.027764149384262964
-1656	0.028230554727195052
-1654	0.028686563939798192
-1652	0.029131585062536422
-1650	0.029565031529035973
-1648	0.029986322975184575
-1646	0.030394886058977114
-1644	0.030790155290263792
-1642	0.031171573869514167
-1640	0.03153859453466817
-1638	0.03189068041509922
-1636	0.03222730589167388
-1634	0.032547957461845
-1632	0.032852134608677655
-1630	0.033139350672655214
-1628	0.03340913372507943
-1626	0.03366102744182804
-1624	0.03389459197619529
-1622	0.03410940482949701
-1620	0.034305061718082785
-1618	0.03448117743535456
-1616	0.0346373867073549
-1614	0.03477334504044646
-1612	0.034888729559569856
-1610	0.03498323983552785
-1608	0.035056598699711596
-1606	0.03510855304464991
-1604	0.035138874608730844
-1602	0.03514736074341497
-1600	0.03513383516123216
-1598	0.03509814866282581
-1596	0.035040179841285934
-1594	0.03495983576199077
-1592	0.03485705261615476
-1590	0.034731796346268065
-1588	0.034584063241594167
-1586	0.03441388050188421
-1584	0.0342213067674568
-1582	0.03400643261378764
-1580	0.03376938100875047
-1578	0.03351030773065419
-1576	0.033229401745224894
-1574	0.03292688553969125
-1572	0.032603015412144366
-1570	0.032258081714360294
-1568	0.03189240904629554
-1566	0.03150635640048932
-1564	0.031100317254639725
-1562	0.030674719610651865
-1560	0.030230025978498175
-1558	0.029766733303276664
-1556	0.029285372833897042
-1554	0.02878650993188555
-1552	0.028270743818855762
-1550	0.027738707261257396
-1548	0.027191066191088513
-1546	0.026628519261330103
-1544	0.02605179733494612
-1542	0.02546166290637786
-1540	0.024858909454556797
-1538	0.02424436072655827
-1536	0.02361886995112358
-1534	0.022983318981389493
-1532	0.022338617366282662
-1530	0.02168570135015648
-1528	0.021025532800379054
-1526	0.020359098062716748
-1524	0.01968740674449572
-1522	0.01901149042567311
-1520	0.018332401298100775
-1518	0.017651210733422625
-1516	0.016969007780210463
-1514	0.0162868975911117
-1512	0.015605999780958347
-1510	0.014927446716962691
-1508	0.014252381742313401
-1506	0.013581957334671524
-1504	0.012917333201260676
-1502	0.012259674312443687
-1500	0.011610148875877907
-1498	0.010969926253547532
-1496	0.010340174824179793
-1494	0.009722059793760894
-1492	0.009116740957084608
-1490	0.008525370413477512
-1488	0.00794909024006602
-1486	0.007389030126166778
-1484	0.006846304972599152
-1482	0.006322012459942417
-1480	0.005817230589971241
-1478	0.005333015204728693
-1476	0.004870397487903222
-1474	0.0044303814533970115
-1472	0.00401394142617607
-1470	0.003622019520705655
-1468	0.003255523122469631
-1466	0.0029153223782755152
-1464	0.0026022477012330823
-1462	0.0023170872964798656
-1460	0.002060584713903733
-1458	0.0018334364342792525
-1456	0.0016362894953932184
-1454	0.001469739164883701
-1452	0.001334326666652
-1450	0.0012305369678341548
-1448	0.0011587966334280506
-1446	0.001119471755771832
-1444	0.001112865966151026
-1442	0.0011392185358795892
-1440	0.0011987025742496288
-1438	0.0012914233307772995
-1436	0.001417416609185625
-1434	0.0015766473005586704
-1432	0.0017690080430751943
-1430	0.0019943180156802185
-1428	0.0022523218729827636
-1426	0.002542688828573043
-1424	0.0028650118938333908
-1422	0.00321880727917304
-1420	0.0036035139644466528
-1418	0.004018493445120431
-1416	0.004463029660523907
-1414	0.0049363291102736614
-1412	0.005437521164674603
-1410	0.0059656585745921096
-1408	0.006519718185949529
-1406	0.007098601863633196
-1404	0.007701137629186934
-1402	0.00832608101624537
-1400	0.00897211664719106
-1398	0.009637860034028237
-1396	0.010321859605937182
-1394	0.011022598965420346
-1392	0.011738499374360636
-1390	0.012467922470697865
-1388	0.0132091732157786
-1386	0.013960503071761596
-1384	0.014720113407751865
-1382	0.01548615913260776
-1380	0.016256752551603193
-1378	0.017029967443343397
-1376	0.017803843352526057
-1374	0.01857639009330558
-1372	0.01934559245717
-1370	0.020109415118367675
-1368	0.020865807729035644
-1366	0.021612710195277413
-1364	0.022348058124528433
-1362	0.02306978843362073
-1360	0.023775845106030775
-1358	0.02446418508585909
-1356	0.025132784295159825
-1354	0.02577964376030218
-1352	0.026402795832125136
-1350	0.027000310483729428
-1348	0.02757030166884869
-1346	0.028110933722862923
-1344	0.028620427787649585
-1342	0.02909706824063961
-1340	0.029539209107629957
-1338	0.029945280438166855
-1336	0.0303137946215279
-1334	0.030643352620720484
-1332	0.030932650101223206
-1330	0.031180483430650604
-1328	0.031385755524995715
-1326	0.031547481516655505
-1324	0.031664794219064575
-1322	0.031736949362458605
-1320	0.031763330575067424
-1318	0.03174345408390145
-1316	0.03167697310925335
-1314	0.03156368192708668
-1312	0.03140351957364287
-1310	0.03119657316685511
-1308	0.030943080819535552
-1306	0.03064343411978517
-1304	0.030298180154690466
-1302	0.02990802305409896
-1300	0.029473825032127386
-1298	0.02899660690504635
-1296	0.02847754806530897
-1294	0.02791798589275098
-1292	0.02731941458538751
-1290	0.026683483393766458
-1288	0.026011994244518815
-1286	0.02530689874055983
-1284	0.024570294527355305
-1282	0.02380442101675924
-1280	0.023011654462169403
-1278	0.02219450238110637
-1276	0.021355597323831913
-1274	0.020497689989239606
-1272	0.01962364169200864
-1270	0.018736416187870288
-1268	0.01783907086682025
-1266	0.016934747327179134
-1264	0.01602666134658346
-1262	0.015118092269234593
-1260	0.014212371832069103
-1258	0.013312872455896322
-1256	0.012422995030987885
-1254	0.01154615623007273
-1252	0.01068577538518528
-1250	0.009845260968303042
-1248	0.009027996719193626
-1246	0.008237327467337933
-1244	0.00747654469819907
-1242	0.0067488719174282905
-1240	0.006057449869844887
-1238	0.0054053216731483845
-1236	0.00479541792931419
-1234	0.00423054187945951
-1232	0.0037133546706189136
-1230	0.0032463608053190053
-1228	0.0028318938470600725
-1226	0.0024721024567819017
-1224	0.0021689368370740843
-1222	0.001924135662280517
-1220	0.0017392135736983825
-1218	0.0016154493197785913
-1216	0.0015538746215595827
-1214	0.001555263843492125
-1212	0.0016201245493164505
-1210	0.001748689021711057
-1208	0.0019409068230268694
-1206	0.0021964384725289845
-1204	0.0025146503131771164
-1202	0.00289461063806668
-1200	0.003335087143212029
-1198	0.003834545769373564
-1196	0.0043911509910972
-1194	0.005002767606046857
-1192	0.005666964072063686
-1190	0.00638101743317994
-1188	0.007141919869051652
-1186	0.007946386894970951
-1184	0.008790867231768456
-1182	0.00967155435655562
-1180	0.010584399736393359
-1178	0.011525127737625991
-1176	0.012489252193843045
-1174	0.013472094605223053
-1172	0.014468803931442419
-1170	0.015474377929436381
-1168	0.01648368597610604
-1166	0.017491493304662334
-1164	0.0184924865717207
-1162	0.01948130066057932
-1160	0.02045254661440287
-1158	0.021400840581364086
-1156	0.022320833642241463
-1154	0.02320724237962887
-1152	0.024054880036854735
-1150	0.024858688104037
-1148	0.025613768158505894
-1146	0.026315413777212495
-1144	0.02695914232979537
-1142	0.027540726452822357
-1140	0.02805622499844693
-1138	0.028502013244430968
-1136	0.028874812147294284
-1134	0.02917171641635297
-1132	0.029390221183713948
-1130	0.029528247043994676
-1128	0.02958416323773441
-1126	0.029556808754244907
-1124	0.0294455111331033
-1122	0.02925010274868979
-1120	0.028970934369196292
-1118	0.028608885790431724
-1116	0.028165373355582498
-1114	0.027642354184887422
-1112	0.027042326953981816
-1110	0.026368329076469556
-1108	0.02562393016508606
-1106	0.024813221666605566
-1104	0.023940802588378392
-1102	0.023011761259008116
-1100	0.022031653092113718
-1098	0.021006474350275382
-1096	0.01994263193601219
-1094	0.01884690926785326
-1092	0.017726428332071716
-1090	0.016588608034274043
-1088	0.015441119009566814
-1086	0.014291835085225548
-1084	0.01314878162542645
-1082	0.012020081023375116
-1080	0.010913895641809158
-1078	0.009838368538023253
-1076	0.008801562343952801
-1074	0.0078113967050890834
-1072	0.006875584713735584
-1070	0.0060015688019515855
-1068	0.005196456587108439
-1066	0.00446695718787364
-1064	0.0038193185502755776
-1062	0.0032592663418571713
-1060	0.0027919449864286386
-1058	0.0024218614221720855
-1056	0.002152832171473237
-1054	0.001987934311489815
-1052	0.0019294609297835865
-1050	0.0019788816390338216
-1048	0.0021368087086385615
-1046	0.002402969348663476
-1044	0.0027761846529219987
-1042	0.0032543556728253384
-1040	0.003834457051939948
-1038	0.0045125386029078425
-1036	0.005283735153565005
-1034	0.0061422849278451475
-1032	0.007081556659572049
-1030	0.00809408556379276
-1028	0.009171618211234332
-1026	0.010305166267232352
-1024	0.011485068967588656
-1022	0.012701064110917062
-1020	0.013942367250815274
-1018	0.015197758672480256
-1016	0.01645567763805068
-1014	0.01770432328398705
-1012	0.01893176145326439
-1010	0.020126036646168712
-1008	0.021275288177294415
-1006	0.022367869534174262
-1004	0.023392469846183813
-1002	0.02433823629227776
-1000	0.025194896204156304
-998	0.025952877558976597
-996	0.02660342650415573
-994	0.027138720517480446
-992	0.027551975779983928
-990	0.027837547328150834
-988	0.027991020557090577
-986	0.028009292668493474
-984	0.027890642697358053
-982	0.027634788810426237
-980	0.02724293164761046
-978	0.026717782575805746
-976	0.026063575842543957
-974	0.025286063754884385
-972	0.024392494166383265
-970	0.023391569731328304
-968	0.02229338857970916
-966	0.021109366277368143
-964	0.01985213916185057
-962	0.01853544938372173
-960	0.01717401223328502
-958	0.015783366591118172
-956	0.01437970960472396
-954	0.012979716959621374
-952	0.011600350377859706
-950	0.010258654236403767
-948	0.008971543448099998
-946	0.0077555849847225754
-944	0.0066267756405719086
-942	0.005600318831743593
-940	0.004690403396022002
-938	0.003909987496875162
-936	0.003270590837892448
-934	0.002782098457008281
-932	0.0024525793890967287
-930	0.0022881234574444907
-928	0.002292699376109086
-926	0.0024680372136918886
-924	0.00281353808267199
-922	0.0033262136759648676
-920	0.004000657973403817
-918	0.0048290530859142495
-916	0.005801210795740665
-914	0.006904650889730589
-912	0.008124716872985174
-910	0.00944472909693841
-908	0.010846174744893959
-906	0.012308933496640384
-904	0.013811537049575122
-902	0.015331460016821747
-900	0.016845439062860325
-898	0.018329816485807424
-896	0.01976090382468161
-894	0.021115360472538675
-892	0.022370581725549735
-890	0.023505090207465315
-888	0.02449892419209171
-886	0.02533401601680065
-884	0.025994553550648558
-882	0.02646731756352662
-880	0.02674198784895169
-878	0.02681141109223092
-876	0.026671823755638185
-874	0.026323023678646643
-872	0.02576848466747609
-870	0.02501540907479261
-868	0.02407471424488984
-866	0.022960949716355435
-864	0.02169214322388985
-862	0.020289574810790984
-860	0.018777479737137566
-858	0.017182682325684314
-856	0.015534164404082382
-854	0.013862573550969919
-852	0.012199677904229649
-850	0.01057777580899094
-848	0.009029070035099857
-846	0.007585017641392541
-844	0.0062756677687159845
-842	0.005129000666548725
-840	0.00417028206117786
-838	0.003421447520261264
-836	0.002900531725426317
-834	0.0026211575013387668
-832	0.002592099041278718
-830	0.0028169329966145624
-828	0.0032937899487156122
-826	0.004015217253028659
-824	0.004968162341626059
-822	0.006134083307825523
-820	0.007489191000375935
-818	0.00900482396211608
-816	0.010647954407027645
-814	0.012381820099417842
-812	0.014166673549382239
-810	0.01596063644941583
-808	0.017720643836427383
-806	0.019403459167210393
-804	0.020966738443739558
-802	0.022370118823099232
-800	0.023576304896311098
-798	0.02455212412588654
-796	0.025269521885950868
-794	0.025706466238959978
-792	0.02584773308175658
-790	0.025685543657506065
-788	0.025220028695190307
-786	0.02445949661765699
-784	0.023420487339159995
-782	0.02212759811146226
-780	0.02061307360076325
-778	0.018916158781050376
-776	0.017082220176184604
-774	0.015161648305325065
-772	0.013208561687503569
-770	0.011279340219025534
-768	0.009431022908598615
-766	0.007719611581315481
-764	0.006198327977486745
-762	0.004915876409809905
-760	0.003914767546170241
-758	0.0032297607189311277
-756	0.002886482218875758
-754	0.0029002751483312903
-752	0.0032753324708673062
-750	0.004004158853935069
-748	0.0050673987767125605
-746	0.006434058267678182
-744	0.008062135728398572
-742	0.00989966386165892
-740	0.011886150109553227
-738	0.013954387659011245
-736	0.01603259350158763
-734	0.018046814817130833
-732	0.01992353071018892
-730	0.0215923637137464
-728	0.02298880514077817
-726	0.02405685094050401
-724	0.024751440780936346
-722	0.025040593126770518
-720	0.02490713349168909
-718	0.024349922051768124
-716	0.02338450047438769
-714	0.022043096011342085
-712	0.020373943278470405
-710	0.018439910126053664
-708	0.016316442798645393
-706	0.014088876178872521
-704	0.011849186101981983
-702	0.009692291150665147
-700	0.0077120395121983865
-698	0.005997040864002527
-696	0.004626522322118727
-694	0.003666399800485453
-692	0.003165760418956298
-690	0.0031539468528953263
-688	0.003638420065518929
-686	0.004603552452367059
-684	0.006010469285456787
-682	0.00779801323527428
-680	0.009884855993083686
-678	0.012172724493401869
-676	0.014550649352121041
-674	0.016900082754503647
-672	0.019100675371519372
-670	0.02103645039580135
-668	0.022602070964155178
-666	0.02370886842127511
-664	0.024290286067688027
-662	0.024306398627190317
-660	0.023747193262500074
-658	0.022634344151153094
-656	0.021021278818508182
-654	0.01899141872764868
-652	0.016654575816409157
-650	0.014141596200000424
-648	0.011597456373680285
-646	0.009173129219163212
-644	0.007016639536306653
-642	0.005263814018923309
-640	0.004029291121149549
-638	0.0033983854296756443
-636	0.0034203936060305724
-634	0.0041038812150560626
-632	0.005414400722019174
-630	0.007274962325443298
-628	0.009569415850516072
-626	0.012148711532713647
-624	0.014839801007411382
-622	0.017456730573037475
-620	0.019813282075222614
-618	0.021736348785266525
-616	0.023079110450458625
-614	0.023733007821708844
-612	0.023637524092832814
-610	0.02278686626749633
-608	0.02123280551689334
-606	0.01908317773656463
-604	0.01649585246911824
-602	0.013668331908289956
-600	0.010823517269414336
-598	0.008192547738249312
-596	0.005995944649498741
-594	0.004424546982847374
-592	0.0036218724858327208
-590	0.0036695560650136954
-588	0.004577386618642429
-586	0.006279179966718739
-584	0.008635297606658474
-582	0.011442072418166022
-580	0.014447771871434726
-578	0.01737406878642816
-576	0.019941361277747593
-574	0.021895754323269814
-572	0.023035151370642375
-570	0.023231763154178624
-568	0.022448464238217877
-566	0.0207468347642708
-564	0.01828540614265221
-562	0.015307544035972218
-560	0.012119477124229294
-558	0.009060114644651911
-556	0.006465367457906599
-554	0.004630564590385079
-552	0.0037751126455541433
-550	0.00401367281980887
-548	0.00533776042303556
-546	0.0076107875172214
-544	0.010578215465669576
-542	0.013892772015172545
-540	0.017152790468882767
-538	0.019949869198962394
-536	0.02192047794277379
-534	0.0227951000992695
-532	0.022438207300369287
-530	0.02087295064191866
-528	0.018285954536451737
-526	0.015009920503037243
-524	0.011484662619303513
-522	0.008200356007007706
-520	0.005629748349024042
-518	0.004158389752892888
-516	0.00402313767618602
-514	0.0052689573007452676
-512	0.007732208301978024
-510	0.011055264900649685
-508	0.014732796340299835
-506	0.018184926045703275
-504	0.02084756577969089
-502	0.02226634947176372
-500	0.022178583402487167
-498	0.020568094184746137
-496	0.017681052137161996
-494	0.013996574672620632
-492	0.010153469989997072
-490	0.006842707650228838
-488	0.004682629843027334
-486	0.0040989980791102
-484	0.005233375536292073
-482	0.007900273201391996
-480	0.011605923004568803
-478	0.01563039943165252
-476	0.019161912661019322
-474	0.021459934249555283
-472	0.02201513012425471
-470	0.020671282103143986
-468	0.017678963643584917
-466	0.013662736307309447
-464	0.009501365471008936
-462	0.006140692054970288
-460	0.004376879918334306
-458	0.004659079273157167
-456	0.00696129132629451
-454	0.010761612431407754
-452	0.01514418758639877
-450	0.0190093648241879
-448	0.02134756199105137
-446	0.02151030153164585
-444	0.019405006630989173
-442	0.015552739653117684
-440	0.010979529812808473
-438	0.006956107699211159
-436	0.004646711280159059
-434	0.0047616687587499935
-432	0.007318452525776211
-430	0.011594934017962123
-428	0.016308375867652165
-426	0.019985790002012546
-424	0.02142511164332751
-422	0.02010457542270555
-420	0.016397932243180736
-418	0.011502480958592999
-416	0.007075876193916402
-414	0.004680790070237268
-412	0.005218291103237627
-410	0.008557214266154948
-408	0.013518622313687943
-406	0.01825797455536686
-404	0.020937432769898248
-402	0.020451656149047637
-400	0.016918988173356197
-398	0.011710767122707293
-396	0.006957731523632536
-394	0.004689853874801912
-392	0.005946830338509417
-390	0.010252840970590463
-388	0.0157335633125692
-386	0.019890267940816928
-384	0.02073560296579131
-382	0.017781868340912027
-380	0.012378822428705595
-378	0.007160047306949055
-376	0.004783938919437507
-374	0.006550590527464043
-372	0.01161978259605449
-370	0.017323369629378804
-368	0.02052035292401312
-366	0.01934145755561601
-364	0.014354861636263276
-362	0.008397088985698874
-360	0.005019935078296315
-358	0.0063552450851248245
-356	0.011678177393515784
-354	0.017675032968940633
-352	0.020435765825159682
-350	0.01803069605130626
-348	0.011968819962006196
-346	0.006383534866787271
-344	0.0052640253792346665
-342	0.009532581333919545
-340	0.016139670926857173
-338	0.02010857444860515
-336	0.018279060087108966
-334	0.011956227492881236
-332	0.0061660285713269584
-330	0.005733159695672096
-328	0.011154438006135598
-326	0.017853714711091862
-324	0.019895013200618972
-322	0.015297269086198603
-320	0.008169712533958035
-318	0.00523339387012254
-316	0.009448731224939663
-314	0.016782644403846
-312	0.019819925972558636
-310	0.015274063113340399
-308	0.007810266075535311
-306	0.005517060258959402
-304	0.011083037768195093
-302	0.018310254471639566
-300	0.018746222818458752
-298	0.011693756542931899
-296	0.0056439381156275295
-294	0.008237381564675702
-292	0.016324539810805203
-290	0.01933708373923454
-288	0.013068198299702967
-286	0.005984361964110033
-284	0.00811809421863747
-282	0.01656635610473809
-280	0.018871754905117374
-278	0.011367249146256095
-276	0.005563127926810798
-274	0.010785415349694872
-272	0.01868613307879611
-270	0.016022914358081092
-268	0.007155780133505844
-266	0.007601430602391214
-264	0.016724785116133057
-262	0.017774108044838626
-260	0.008594721545788296
-258	0.006842247851453609
-256	0.01612371914537738
-254	0.01766613972486595
-252	0.008108100306115324
-250	0.00773440326710588
-248	0.017480417100922987
-246	0.015578197624536841
-244	0.0062440904153103
-242	0.011354402477516424
-240	0.018721454295901687
-238	0.010177925037214397
-236	0.0071541435676268465
-234	0.01747211666618851
-232	0.013920531861942118
-230	0.006040063161386427
-228	0.015563459846313098
-226	0.015578747015359082
-224	0.0060619570046672846
-222	0.015054811218046062
-220	0.015361170117698022
-218	0.006131882257733126
-216	0.016315763735853347
-214	0.013111168202086552
-212	0.00719772200600055
-210	0.01811397116483102
-208	0.008709141049536021
-206	0.011754925811873334
-204	0.016137434045972236
-202	0.006457157539404242
-200	0.017783067172938108
-198	0.008129857499058283
-196	0.013999615173493962
-194	0.012561225385615367
-192	0.009913839385203791
-190	0.015717309201426718
-188	0.007740157089261869
-186	0.01699960513361139
-184	0.0070711865349370176
-182	0.017193025264344634
-180	0.007213635667472939
-178	0.016614744669957406
-176	0.008358718846101551
-174	0.014574135409320517
-172	0.011488337414479821
-170	0.010330649948701533
-168	0.016146592334805854
-166	0.006737122702441218
-164	0.01645598244367301
-162	0.011176047919444656
-160	0.008532347841385604
-158	0.01721007428735722
-156	0.010502394625214361
-154	0.007924656802388425
-152	0.016014446114597767
-150	0.014744193051896077
-148	0.007745682047208795
-146	0.008741122036915412
-144	0.014799885133953153
-142	0.016875957329287487
-140	0.013790605089749186
-138	0.009694538861627919
-136	0.007467567992674785
-134	0.0071949764174017525
-132	0.0077766926835500585
-130	0.008273856922268265
-128	0.008253819344358763
-126	0.007740777290643998
-124	0.0072926379695969455
-122	0.008152972939280271
-120	0.011532466880512146
-118	0.01580684283860929
-116	0.014925451277093915
-114	0.008394853440545991
-112	0.010547810418710956
-110	0.01601231935011795
-108	0.007689639272125144
-106	0.015588098612141279
-104	0.008027614611976831
-102	0.01608084079719948
-100	0.009138448463395298
-98	0.009645854915221155
-96	0.014951735133059368
-94	0.015770614087997972
-92	0.014931017665572822
-90	0.015113389440834051
-88	0.015727077801438505
-86	0.012612119026163153
-84	0.008027301221736415
-82	0.015390939854884924
-80	0.008057111540763997
-78	0.013639649892870684
-76	0.015399671876167673
-74	0.015180747440044638
-72	0.014879260479166899
-70	0.00905477515838623
-68	0.014496345991397711
-66	0.009188394358807252
-64	0.00866770468348527
-62	0.012155891016886166
-60	0.011599716760985911
-58	0.01474366859555974
-56	0.012876890116899705
-54	0.010908391232136485
-52	0.009946502560028629
-50	0.014376787919655859
-48	0.014560294686458941
-46	0.009208961614156023
-44	0.012974522652674328
-42	0.013377693602039381
-40	0.012359420478753753
-38	0.012014837581721779
-36	0.01412745566080889
-34	0.009734494845348857
-32	0.013880088018086304
-30	0.010497675729206504
-28	0.012296623445630251
-26	0.013113451971114897
-24	0.013054809889158402
-22	0.009648690332929312
-20	0.00997804400375162
-18	0.01190521583838436
-16	0.011382141740522982
-14	0.011668692401877876
-12	0.010340985935394042
-10	0.009182660820909102
-8	0.009336548504021056
-6	0.006399142038251824
-4	0.00822036272382644
-2	0.00728564205517021
0	Infinity
2	0.007197294744934396
4	0.008308431688097034
6	0.006280024946746594
8	0.009604779466683743
10	0.008963068497812015
12	0.010205687454710403
14	0.012060812994220025
16	0.011008227206446616
18	0.011499012905267652
20	0.010273844170249692
22	0.00977670367696762
24	0.01269615965175727
26	0.01347636343583728
28	0.012824474811340778
30	0.011045904965780215
32	0.013678741939681204
34	0.009459178005770594
36	0.014007123210861538
38	0.011439389990016752
40	0.011778678402712527
42	0.01288282273915868
44	0.012408971566994196
46	0.008990306297700396
48	0.014659399168563897
50	0.01468443599900762
52	0.00946175238452721
54	0.010280229223700286
56	0.013626972421401566
58	0.014998988666404001
60	0.012463752317908151
62	0.011438955254878359
64	0.00849622415967379
66	0.008788151567111222
68	0.01402330615580135
70	0.009739383401874677
72	0.015324213487041717
74	0.014931349786571313
76	0.015324312892503678
78	0.014480077057604741
80	0.008278308530101872
82	0.015142290762660863
84	0.008055451797695541
86	0.01363053424988324
88	0.015846454072955003
90	0.014637711889605392
92	0.014382984203920248
94	0.015592502677259217
96	0.0156726917875964
98	0.010662855450607751
100	0.008548015511674629
102	0.016158847521418346
104	0.008674701741693203
106	0.0151445665669417
108	0.008170552959641898
110	0.01645430142369304
112	0.009696394880545396
114	0.009268597497419775
116	0.01584757526665376
118	0.0153446533085956
120	0.01059193677314992
122	0.007727286264518896
124	0.007561280548622441
126	0.008470667806089387
128	0.009190373722058809
130	0.009230487311658214
132	0.008576768359913941
134	0.007610642221206208
136	0.007262274414702901
138	0.008853345029424545
140	0.012840669207941005
142	0.016793010508078254
144	0.015975808081058765
146	0.009910912003182339
148	0.007325329321533898
150	0.013867568603838963
152	0.016971913539016188
154	0.008942102790709214
156	0.009516379325259904
158	0.017585747161274944
160	0.009741631802038252
162	0.010128438905607126
164	0.017383011495236342
166	0.00714415989856518
168	0.015478014319447902
170	0.01183544264118652
172	0.010401902610129353
174	0.01599564232356585
176	0.0076350929194369125
178	0.017624699622880075
180	0.006841856647985347
182	0.018002731878172345
184	0.006744847043840407
186	0.017945171290550843
188	0.007137052503167854
190	0.017063011117661255
192	0.008889639184373667
194	0.01424732497382985
196	0.01290770278901188
198	0.009460019595163153
200	0.017601597792964038
202	0.006411790986623627
204	0.017499206128082662
206	0.010582383212187001
208	0.010206436244711651
210	0.01809623015421141
212	0.006679393528561012
214	0.014888797139847035
216	0.015493627190675667
218	0.006326531664422827
220	0.0169748368143727
222	0.014004986171405318
224	0.0064803199542141044
226	0.017198896583419932
228	0.014568406208303795
230	0.0061672434470249225
232	0.01575471936907853
234	0.016898746331514423
236	0.0065576795769394765
238	0.012002987812561762
240	0.019194508777968817
242	0.010120976401144375
244	0.007130521076849386
246	0.01732712122818077
248	0.016848221455014765
250	0.006927915282283849
252	0.009699225537156544
254	0.0190181299604499
256	0.01514851739210216
258	0.006275394976121502
260	0.010315439044989338
262	0.01916031319698558
264	0.015844104793942927
266	0.006783007614572554
268	0.008578775522844043
270	0.017859026481631998
272	0.0184335834394639
274	0.009519973908830148
276	0.006011021905811658
278	0.013453234895063657
280	0.01996097107530604
282	0.015608121750014688
284	0.007143106108682148
286	0.007008441997693455
288	0.015227654395037808
290	0.020217552949222284
292	0.015300847275965467
294	0.007218182184421865
296	0.006492990682221474
298	0.013884257833565734
300	0.02011859138016954
302	0.017740656922596673
304	0.00975350345296067
306	0.005455525050592873
308	0.009583475991224548
310	0.0174359385231053
312	0.02054753553120365
314	0.015793804928941627
316	0.008218276824358847
318	0.005444650189662995
320	0.01006823639383804
322	0.01752375080251594
324	0.02082133484990826
326	0.01707297764258771
328	0.0097859218553595
330	0.005381690632604396
332	0.007539044776647432
334	0.014318263557271291
336	0.02011372196691451
338	0.02035621768414843
340	0.014998267010985474
342	0.00825063214806447
344	0.0051669145752332125
346	0.00790819687361934
348	0.014393456051989419
350	0.020028215788709586
352	0.021003081294780877
354	0.01678598076848701
356	0.010257088252724953
358	0.005645624697463092
360	0.005794483575824505
362	0.010506492022738477
364	0.016857649257475765
366	0.021090063048123248
368	0.020828188613313984
370	0.01633031993112378
372	0.010179351287415631
374	0.005739145731891426
376	0.005323002558366897
378	0.009058497163590824
380	0.01495896829846998
382	0.020045215107657974
384	0.021862234196353802
386	0.019622138554148242
388	0.01447128804535499
390	0.008844434564663176
392	0.0052881820833910066
394	0.005328413180580519
396	0.008870820938713121
398	0.01433890119398593
400	0.019420268386382215
402	0.022056004378528365
404	0.02125094771038325
406	0.017401681258553625
408	0.01206095606352038
410	0.007281693283652029
412	0.0048252570397451415
414	0.005536856027113584
416	0.009096952270426286
418	0.014201230648226638
420	0.01906687442957572
422	0.02206275821097722
424	0.0222418073558907
426	0.019610139942425962
428	0.015070587017618936
430	0.010088202725149625
432	0.006206813680159593
434	0.004577344468240064
436	0.005637911981589334
438	0.00902597874795232
440	0.013727080458968737
442	0.018396823741672747
444	0.021751073054200477
446	0.022911553394575804
448	0.021617938355887382
450	0.018262186116268446
452	0.013751818475810744
454	0.009251965866975211
456	0.005881385361917929
458	0.004441318499471152
460	0.005239989858664835
462	0.008046268098022214
464	0.012172238038745335
466	0.016654662202888425
468	0.020485867111582987
470	0.02283851987186688
472	0.023235668258106648
474	0.021634101559168263
476	0.018410689876122602
478	0.014262666260044283
480	0.010049427761921473
482	0.006612545664418464
484	0.0046114124815594465
486	0.004405234659677114
488	0.006000163555919797
490	0.009066190122942777
492	0.013014973065199702
494	0.017119440412034618
496	0.020650300958555766
498	0.023003975856782342
500	0.023800391734632175