0 0.00106733
3.003 0.00106396
6.00601 0.00105503
9.00901 0.00104062
12.012 0.00102088
15.015 0.000996017
18.018 0.000966301
21.021 0.000932064
24.024 0.000893687
27.027 0.000851606
30.03 0.000806299
33.033 0.000758288
36.036 0.000708126
39.039 0.000656399
42.042 0.000603713
45.045 0.000550691
48.048 0.000497963
51.0511 0.000446163
54.0541 0.000395919
57.0571 0.000347846
60.0601 0.00030254
63.0631 0.00026057
66.0661 0.000222473
69.0691 0.000188747
72.0721 0.000159846
75.0751 0.000136171
78.0781 0.000118071
81.0811 0.000105835
84.0841 9.96891e-05
87.0871 9.97932e-05
90.0901 0.00010624
93.0931 0.000119053
96.0961 0.000138185
99.0991 0.00016352
102.102 0.000194873
105.105 0.000231989
108.108 0.000274552
111.111 0.000322181
114.114 0.000374437
117.117 0.000430828
120.12 0.000490814
123.123 0.00055381
126.126 0.000619195
129.129 0.000686317
132.132 0.000754501
135.135 0.000823055
138.138 0.000891276
141.141 0.000958463
144.144 0.00102392
147.147 0.00108696
150.15 0.00114692
153.153 0.00120317
156.156 0.00125511
159.159 0.00130217
162.162 0.00134386
165.165 0.0013797
168.168 0.00140932
171.171 0.00143236
174.174 0.00144857
177.177 0.00145774
180.18 0.00145976
183.183 0.00145457
186.186 0.00144221
189.189 0.00142276
192.192 0.00139643
195.195 0.00136345
198.198 0.00132415
201.201 0.00127892
204.204 0.00122822
207.207 0.00117258
210.21 0.00111257
213.213 0.00104881
216.216 0.000981968
219.219 0.000912764
222.222 0.000841931
225.225 0.000770231
228.228 0.000698444
231.231 0.000627355
234.234 0.000557752
237.237 0.000490412
240.24 0.0004261
243.243 0.000365554
246.246 0.000309485
249.249 0.000258563
252.252 0.000213415
255.255 0.000174614
258.258 0.000142678
261.261 0.000118061
264.264 0.000101151
267.267 9.22607e-05
270.27 9.16312e-05
273.273 9.94237e-05
276.276 0.00011572
279.279 0.000140519
282.282 0.000173742
285.285 0.000215224
288.288 0.000264723
291.291 0.000321918
294.294 0.000386413
297.297 0.000457738
300.3 0.000535358
303.303 0.000618671
306.306 0.000707021
309.309 0.000799696
312.312 0.000895942
315.315 0.000994963
318.318 0.00109594
321.321 0.00119801
324.324 0.00130031
327.327 0.00140198
330.33 0.00150213
333.333 0.0015999
336.336 0.00169444
339.339 0.00178492
342.342 0.00187053
345.345 0.00195054
348.348 0.00202422
351.351 0.00209091
354.354 0.00215
357.357 0.00220097
360.36 0.00224334
363.363 0.00227671
366.366 0.00230077
369.369 0.00231527
372.372 0.00232005
375.375 0.00231505
378.378 0.00230027
381.381 0.00227581
384.384 0.00224186
387.387 0.00219867
390.39 0.00214659
393.393 0.00208606
396.396 0.00201755
399.399 0.00194166
402.402 0.00185902
405.405 0.00177033
408.408 0.00167635
411.411 0.00157788
414.414 0.00147577
417.417 0.00137093
420.42 0.00126426
423.423 0.0011567
426.426 0.00104922
429.429 0.000942784
432.432 0.000838357
435.435 0.0007369
438.438 0.000639361
441.441 0.000546667
444.444 0.000459714
447.447 0.000379369
450.45 0.000306452
453.453 0.000241741
456.456 0.000185959
459.459 0.000139772
462.462 0.000103786
465.465 7.85376e-05
468.468 6.44957e-05
471.471 6.20563e-05
474.474 7.15401e-05
477.477 9.31911e-05
480.48 0.000127175
483.483 0.00017358
486.486 0.000232413
489.489 0.000303606
492.492 0.00038701
495.495 0.000482405
498.498 0.000589495
501.502 0.000707913
504.505 0.000837227
507.508 0.000976938
510.511 0.00112649
513.514 0.00128527
516.517 0.00145261
519.52 0.0016278
522.523 0.0018101
525.526 0.00199871
528.529 0.00219282
531.532 0.00239159
534.535 0.00259415
537.538 0.00279964
540.541 0.00300716
543.544 0.00321584
546.547 0.0034248
549.55 0.00363315
552.553 0.00384005
555.556 0.00404464
558.559 0.00424612
561.562 0.00444369
564.565 0.00463659
567.568 0.00482409
570.571 0.00500552
573.574 0.00518021
576.577 0.00534758
579.58 0.00550706
582.583 0.00565816
585.586 0.00580041
588.589 0.0059334
591.592 0.00605679
594.595 0.00617028
597.598 0.0062736
600.601 0.00636658
603.604 0.00644906
606.607 0.00652094
609.61 0.0065822
612.613 0.00663282
615.616 0.00667286
618.619 0.00670242
621.622 0.00672164
624.625 0.00673069
627.628 0.00672979
630.631 0.00671919
633.634 0.00669918
636.637 0.00667007
639.64 0.00663221
642.643 0.00658595
645.646 0.0065317
648.649 0.00646984
651.652 0.00640081
654.655 0.00632503
657.658 0.00624295
660.661 0.00615502
663.664 0.00606169
666.667 0.00596342
669.67 0.00586066
672.673 0.00575388
675.676 0.0056435
678.679 0.00552999
681.682 0.00541376
684.685 0.00529524
687.688 0.00517484
690.691 0.00505295
693.694 0.00492996
696.697 0.00480623
699.7 0.00468211
702.703 0.00455793
705.706 0.00443401
708.709 0.00431062
711.712 0.00418807
714.715 0.00406659
717.718 0.00394642
720.721 0.00382779
723.724 0.0037109
726.727 0.00359591
729.73 0.00348301
732.733 0.00337232
735.736 0.00326397
738.739 0.00315808
741.742 0.00305474
744.745 0.00295403
747.748 0.002856
750.751 0.00276072
753.754 0.0026682
756.757 0.00257849
759.76 0.00249159
762.763 0.00240749
765.766 0.0023262
768.769 0.00224769
771.772 0.00217194
774.775 0.00209892
777.778 0.00202857
780.781 0.00196087
783.784 0.00189575
786.787 0.00183316
789.79 0.00177303
792.793 0.00171531
795.796 0.00165993
798.799 0.00160682
801.802 0.0015559
804.805 0.00150712
807.808 0.00146039
810.811 0.00141565
813.814 0.00137281
816.817 0.00133182
819.82 0.0012926
822.823 0.00125508
825.826 0.00121918
828.829 0.00118485
831.832 0.00115202
834.835 0.00112062
837.838 0.00109059
840.841 0.00106186
843.844 0.0010344
846.847 0.00100812
849.85 0.000982994
852.853 0.000958954
855.856 0.000935954
858.859 0.000913947
861.862 0.000892887
864.865 0.000872731
867.868 0.000853436
870.871 0.000834965
873.874 0.000817279
876.877 0.000800342
879.88 0.000784121
882.883 0.000768584
885.886 0.0007537
888.889 0.00073944
891.892 0.000725777
894.895 0.000712684
897.898 0.000700137
900.901 0.000688113
903.904 0.000676589
906.907 0.000665545
909.91 0.00065496
912.913 0.000644816
915.916 0.000635094
918.919 0.000625778
921.922 0.000616852
924.925 0.0006083
927.928 0.000600107
930.931 0.00059226
933.934 0.000584746
936.937 0.000577551
939.94 0.000570666
942.943 0.000564077
945.946 0.000557774
948.949 0.000551749
951.952 0.00054599
954.955 0.000540488
957.958 0.000535237
960.961 0.000530226
963.964 0.00052545
966.967 0.000520901
969.97 0.000516572
972.973 0.000512458
975.976 0.000508553
978.979 0.000504852
981.982 0.000501349
984.985 0.000498043
987.988 0.000494927
990.991 0.000492
993.994 0.000489257
996.997 0.000486698
1000 0.00048432
1003 0.000482122
1006.01 0.000480102
1009.01 0.00047826
1012.01 0.000476595
1015.02 0.000475109
1018.02 0.000473801
1021.02 0.000472672
1024.02 0.000471725
1027.03 0.00047096
1030.03 0.000470381
1033.03 0.00046999
1036.04 0.000469789
1039.04 0.000469782
1042.04 0.000469974
1045.05 0.000470368
1048.05 0.00047097
1051.05 0.000471783
1054.05 0.000472814
1057.06 0.000474069
1060.06 0.000475553
1063.06 0.000477275
1066.07 0.00047924
1069.07 0.000481457
1072.07 0.000483935
1075.08 0.000486681
1078.08 0.000489705
1081.08 0.000493018
1084.08 0.00049663
1087.09 0.000500553
1090.09 0.000504798
1093.09 0.000509378
1096.1 0.000514308
1099.1 0.000519601
1102.1 0.000525274
1105.11 0.000531342
1108.11 0.000537824
1111.11 0.000544737
1114.11 0.000552102
1117.12 0.00055994
1120.12 0.000568273
1123.12 0.000577126
1126.13 0.000586522
1129.13 0.000596489
1132.13 0.000607055
1135.14 0.00061825
1138.14 0.000630106
1141.14 0.000642654
1144.14 0.000655931
1147.15 0.000669973
1150.15 0.000684818
1153.15 0.000700507
1156.16 0.000717081
1159.16 0.000734585
1162.16 0.000753063
1165.17 0.000772562
1168.17 0.000793133
1171.17 0.000814824
1174.17 0.000837689
1177.18 0.000861779
1180.18 0.00088715
1183.18 0.000913857
1186.19 0.000941956
1189.19 0.000971504
1192.19 0.00100256
1195.2 0.00103518
1198.2 0.00106942
1201.2 0.00110533
1204.2 0.00114298
1207.21 0.00118242
1210.21 0.0012237
1213.21 0.00126688
1216.22 0.00131199
1219.22 0.0013591
1222.22 0.00140823
1225.23 0.00145943
1228.23 0.00151273
1231.23 0.00156816
1234.23 0.00162574
1237.24 0.0016855
1240.24 0.00174743
1243.24 0.00181154
1246.25 0.00187782
1249.25 0.00194627
1252.25 0.00201685
1255.26 0.00208953
1258.26 0.00216426
1261.26 0.002241
1264.26 0.00231967
1267.27 0.0024002
1270.27 0.00248248
1273.27 0.00256643
1276.28 0.00265191
1279.28 0.0027388
1282.28 0.00282695
1285.29 0.0029162
1288.29 0.00300638
1291.29 0.00309731
1294.29 0.00318877
1297.3 0.00328055
1300.3 0.00337243
1303.3 0.00346417
1306.31 0.0035555
1309.31 0.00364616
1312.31 0.00373588
1315.32 0.00382437
1318.32 0.00391132
1321.32 0.00399643
1324.32 0.00407939
1327.33 0.00415987
1330.33 0.00423755
1333.33 0.00431211
1336.34 0.0043832
1339.34 0.0044505
1342.34 0.00451368
1345.35 0.00457241
1348.35 0.00462637
1351.35 0.00467525
1354.35 0.00471874
1357.36 0.00475654
1360.36 0.00478838
1363.36 0.00481399
1366.37 0.00483311
1369.37 0.00484552
1372.37 0.00485101
1375.38 0.00484939
1378.38 0.0048405
1381.38 0.00482421
1384.38 0.0048004
1387.39 0.004769
1390.39 0.00472997
1393.39 0.00468329
1396.4 0.00462898
1399.4 0.0045671
1402.4 0.00449774
1405.41 0.00442103
1408.41 0.00433712
1411.41 0.00424622
1414.41 0.00414857
1417.42 0.00404443
1420.42 0.00393412
1423.42 0.00381799
1426.43 0.0036964
1429.43 0.00356977
1432.43 0.00343854
1435.44 0.00330318
1438.44 0.00316419
1441.44 0.0030221
1444.44 0.00287744
1447.45 0.00273079
1450.45 0.00258273
1453.45 0.00243386
1456.46 0.00228479
1459.46 0.00213612
1462.46 0.0019885
1465.47 0.00184252
1468.47 0.00169882
1471.47 0.001558
1474.47 0.00142067
1477.48 0.00128741
1480.48 0.00115879
1483.48 0.00103535
1486.49 0.000917625
1489.49 0.000806096
1492.49 0.000701228
1495.5 0.000603443
1498.5 0.000513129
1501.5 0.000430631
1504.5 0.000356249
1507.51 0.000290238
1510.51 0.000232804
1513.51 0.000184105
1516.52 0.000144245
1519.52 0.000113278
1522.52 9.12025e-05
1525.53 7.79648e-05
1528.53 7.34575e-05
1531.53 7.75199e-05
1534.53 8.99391e-05
1537.54 0.000110451
1540.54 0.00013874
1543.54 0.000174447
1546.55 0.000217162
1549.55 0.000266435
1552.55 0.000321775
1555.56 0.000382656
1558.56 0.000448514
1561.56 0.000518761
1564.56 0.000592779
1567.57 0.00066993
1570.57 0.000749562
1573.57 0.000831005
1576.58 0.000913587
1579.58 0.000996629
1582.58 0.00107946
1585.59 0.0011614
1588.59 0.00124181
1591.59 0.00132003
1594.59 0.00139546
1597.6 0.00146749
1600.6 0.00153557
1603.6 0.00159916
1606.61 0.00165777
1609.61 0.00171096
1612.61 0.00175831
1615.62 0.00179947
1618.62 0.00183413
1621.62 0.00186204
1624.62 0.00188299
1627.63 0.00189684
1630.63 0.0019035
1633.63 0.00190295
1636.64 0.0018952
1639.64 0.00188034
1642.64 0.0018585
1645.65 0.00182989
1648.65 0.00179475
1651.65 0.00175337
1654.65 0.0017061
1657.66 0.00165332
1660.66 0.00159548
1663.66 0.00153304
1666.67 0.0014665
1669.67 0.00139641
1672.67 0.00132331
1675.68 0.00124779
1678.68 0.00117045
1681.68 0.0010919
1684.68 0.00101274
1687.69 0.000933593
1690.69 0.000855071
1693.69 0.000777772
1696.7 0.000702283
1699.7 0.000629173
1702.7 0.000558984
1705.71 0.000492233
1708.71 0.000429402
1711.71 0.00037094
1714.71 0.000317252
1717.72 0.000268703
1720.72 0.000225611
1723.72 0.000188245
1726.73 0.000156825
1729.73 0.000131517
1732.73 0.000112434
1735.74 9.96366e-05
1738.74 9.31302e-05
1741.74 9.28662e-05
1744.74 9.8743e-05
1747.75 0.000110607
1750.75 0.000128254
1753.75 0.000151433
1756.76 0.000179844
1759.76 0.000213146
1762.76 0.00025096
1765.77 0.000292868
1768.77 0.00033842
1771.77 0.00038714
1774.77 0.000438527
1777.78 0.000492059
1780.78 0.000547203
1783.78 0.000603415
1786.79 0.000660145
1789.79 0.000716844
1792.79 0.00077297
1795.8 0.000827987
1798.8 0.000881378
1801.8 0.000932642
1804.8 0.000981302
1807.81 0.00102691
1810.81 0.00106905
1813.81 0.00110734
1816.82 0.00114143
1819.82 0.00117103
1822.82 0.00119587
1825.83 0.00121574
1828.83 0.00123048
1831.83 0.00123996
1834.83 0.00124413
1837.84 0.00124295
1840.84 0.00123647
1843.84 0.00122476
1846.85 0.00120796
1849.85 0.00118623
1852.85 0.00115979
1855.86 0.0011289
1858.86 0.00109387
1861.86 0.00105502
1864.86 0.00101274
1867.87 0.000967408
1870.87 0.000919456
1873.87 0.000869329
1876.88 0.000817487
1879.88 0.000764406
1882.88 0.000710566
1885.89 0.000656455
1888.89 0.000602557
1891.89 0.000549351
1894.89 0.000497306
1897.9 0.000446877
1900.9 0.0003985
1903.9 0.000352587
1906.91 0.000309528
1909.91 0.000269678
1912.91 0.000233362
1915.92 0.00020087
1918.92 0.000172451
1921.92 0.000148315
1924.92 0.000128631
1927.93 0.000113522
1930.93 0.000103069
1933.93 9.73078e-05
1936.94 9.62288e-05
1939.94 9.97782e-05
1942.94 0.000107859
1945.95 0.000120331
1948.95 0.000137015
1951.95 0.000157691
1954.95 0.000182104
1957.96 0.000209965
1960.96 0.000240954
1963.96 0.000274724
1966.97 0.000310905
1969.97 0.000349104
1972.97 0.000388915
1975.98 0.000429918
1978.98 0.000471686
1981.98 0.000513786
1984.98 0.000555788
1987.99 0.000597265
1990.99 0.000637798
1993.99 0.000676981
1997 0.000714425
2000 0.00074976
2003 0.00078264
2006.01 0.000812746
2009.01 0.000839787
2012.01 0.000863507
2015.02 0.000883681
2018.02 0.000900122
2021.02 0.000912681
2024.02 0.000921249
2027.03 0.000925755
2030.03 0.000926169
2033.03 0.000922502
2036.04 0.000914805
2039.04 0.000903167
2042.04 0.000887717
2045.05 0.000868617
2048.05 0.000846068
2051.05 0.0008203
2054.05 0.000791575
2057.06 0.000760182
2060.06 0.000726433
2063.06 0.000690662
2066.07 0.00065322
2069.07 0.000614473
2072.07 0.000574797
2075.08 0.000534572
2078.08 0.000494185
2081.08 0.000454018
2084.08 0.00041445
2087.09 0.000375852
2090.09 0.000338582
2093.09 0.000302982
2096.1 0.000269376
2099.1 0.000238065
2102.1 0.000209325
2105.11 0.000183408
2108.11 0.000160532
2111.11 0.000140885
2114.11 0.000124623
2117.12 0.000111865
2120.12 0.000102697
2123.12 9.71673e-05
2126.13 9.52881e-05
2129.13 9.70354e-05
2132.13 0.00010235
2135.14 0.000111136
2138.14 0.000123266
2141.14 0.000138579
2144.14 0.000156884
2147.15 0.000177961
2150.15 0.000201566
2153.15 0.000227428
2156.16 0.000255259
2159.16 0.000284752
2162.16 0.000315585
2165.17 0.000347427
2168.17 0.000379938
2171.17 0.000412772
2174.17 0.000445587
2177.18 0.000478039
2180.18 0.000509792
2183.18 0.00054052
2186.19 0.000569909
2189.19 0.00059766
2192.19 0.000623494
2195.2 0.000647152
2198.2 0.000668399
2201.2 0.000687026
2204.2 0.000702852
2207.21 0.000715725
2210.21 0.000725523
2213.21 0.000732158
2216.22 0.000735573
2219.22 0.000735743
2222.22 0.000732677
2225.23 0.000726417
2228.23 0.000717035
2231.23 0.000704636
2234.23 0.000689354
2237.24 0.00067135
2240.24 0.000650813
2243.24 0.000627955
2246.25 0.000603011
2249.25 0.000576236
2252.25 0.000547899
2255.26 0.000518287
2258.26 0.000487694
2261.26 0.000456426
2264.26 0.000424789
2267.27 0.000393096
2270.27 0.000361655
2273.27 0.00033077
2276.28 0.000300739
2279.28 0.000271847
2282.28 0.000244369
2285.29 0.000218561
2288.29 0.000194661
2291.29 0.000172887
2294.29 0.000153436
2297.3 0.000136475
2300.3 0.000122151
2303.3 0.000110578
2306.31 0.000101846
2309.31 9.60131e-05
2312.31 9.31081e-05
2315.32 9.31305e-05
2318.32 9.60502e-05
2321.32 0.000101808
2324.32 0.000110316
2327.33 0.00012146
2330.33 0.000135099
2333.33 0.000151068
2336.34 0.000169179
2339.34 0.000189226
2342.34 0.000210981
2345.35 0.000234203
2348.35 0.000258636
2351.35 0.000284015
2354.35 0.000310067
2357.36 0.000336511
2360.36 0.000363069
2363.36 0.000389459
2366.37 0.000415405
2369.37 0.000440636
2372.37 0.000464892
2375.38 0.000487922
2378.38 0.000509492
2381.38 0.000529381
2384.38 0.000547389
2387.39 0.000563335
2390.39 0.000577062
2393.39 0.000588434
2396.4 0.000597341
2399.4 0.0006037
2402.4 0.000607452
2405.41 0.000608567
2408.41 0.000607041
2411.41 0.000602897
2414.41 0.000596185
2417.42 0.00058698
2420.42 0.000575383
2423.42 0.000561517
2426.43 0.00054553
2429.43 0.000527588
2432.43 0.000507877
2435.44 0.000486601
2438.44 0.000463976
2441.44 0.000440234
2444.44 0.000415614
2447.45 0.000390365
2450.45 0.000364737
2453.45 0.000338988
2456.46 0.00031337
2459.46 0.000288137
2462.46 0.000263534
2465.47 0.0002398
2468.47 0.000217164
2471.47 0.000195841
2474.47 0.000176032
2477.48 0.000157923
2480.48 0.000141679
2483.48 0.000127447
2486.49 0.000115352
2489.49 0.000105497
2492.49 9.79598e-05
2495.5 9.27966e-05
2498.5 9.0038e-05
2501.5 8.96899e-05
2504.5 9.17338e-05
2507.51 9.6127e-05
2510.51 0.000102803
2513.51 0.000111673
2516.52 0.000122626
2519.52 0.00013553
2522.52 0.000150236
2525.53 0.000166573
2528.53 0.00018436
2531.53 0.000203399
2534.53 0.000223481
2537.54 0.000244388
2540.54 0.000265894
2543.54 0.00028777
2546.55 0.000309783
2549.55 0.0003317
2552.55 0.000353291
2555.56 0.000374331
2558.56 0.000394601
2561.56 0.000413892
2564.56 0.000432005
2567.57 0.000448756
2570.57 0.000463974
2573.57 0.000477507
2576.58 0.000489218
2579.58 0.000498992
2582.58 0.000506732
2585.59 0.000512366
2588.59 0.00051584
2591.59 0.000517125
2594.59 0.000516212
2597.6 0.000513118
2600.6 0.000507878
2603.6 0.000500552
2606.61 0.00049122
2609.61 0.000479982
2612.61 0.000466955
2615.62 0.000452277
2618.62 0.0004361
2621.62 0.00041859
2624.62 0.000399927
2627.63 0.000380302
2630.63 0.000359914
2633.63 0.000338967
2636.64 0.000317673
2639.64 0.000296245
2642.64 0.000274894
2645.65 0.000253833
2648.65 0.000233269
2651.65 0.000213401
2654.65 0.000194422
2657.66 0.000176516
2660.66 0.000159852
2663.66 0.000144588
2666.67 0.000130866
2669.67 0.000118811
2672.67 0.00010853
2675.68 0.000100113
2678.68 9.36308e-05
2681.68 8.91316e-05
2684.68 8.66452e-05
2687.69 8.61802e-05
2690.69 8.77245e-05
2693.69 9.12458e-05
2696.7 9.66918e-05
2699.7 0.000103991
2702.7 0.000113053
2705.71 0.000123771
2708.71 0.00013602
2711.71 0.000149662
2714.71 0.000164546
2717.72 0.000180506
2720.72 0.000197369
2723.72 0.000214954
2726.73 0.000233071
2729.73 0.000251527
2732.73 0.000270127
2735.74 0.000288675
2738.74 0.000306978
2741.74 0.000324844
2744.74 0.000342088
2747.75 0.000358533
2750.75 0.000374009
2753.75 0.00038836
2756.76 0.000401438
2759.76 0.000413112
2762.76 0.000423266
2765.77 0.000431798
2768.77 0.000438624
2771.77 0.000443679
2774.77 0.000446915
2777.78 0.000448303
2780.78 0.000447833
2783.78 0.000445514
2786.79 0.000441374
2789.79 0.00043546
2792.79 0.000427835
2795.8 0.00041858
2798.8 0.000407794
2801.8 0.000395587
2804.8 0.000382088
2807.81 0.000367433
2810.81 0.000351773
2813.81 0.000335268
2816.82 0.000318085
2819.82 0.000300396
2822.82 0.000282379
2825.83 0.000264214
2828.83 0.000246082
2831.83 0.000228161
2834.83 0.000210628
2837.84 0.000193654
2840.84 0.000177404
2843.84 0.000162035
2846.85 0.000147694
2849.85 0.000134517
2852.85 0.000122626
2855.86 0.000112132
2858.86 0.00010313
2861.86 9.56986e-05
2864.86 8.99011e-05
2867.87 8.57837e-05
2870.87 8.33753e-05
2873.87 8.26874e-05
2876.88 8.37139e-05
2879.88 8.64313e-05
2882.88 9.07993e-05
2885.89 9.67609e-05
2888.89 0.000104243
2891.89 0.000113159
2894.89 0.000123405
2897.9 0.000134867
2900.9 0.000147419
2903.9 0.000160924
2906.91 0.000175234
2909.91 0.000190198
2912.91 0.000205655
2915.92 0.000221442
2918.92 0.000237393
2921.92 0.000253341
2924.92 0.000269121
2927.93 0.000284568
2930.93 0.000299524
2933.93 0.000313834
2936.94 0.000327353
2939.94 0.000339943
2942.94 0.000351477
2945.95 0.000361839
2948.95 0.000370924
2951.95 0.000378643
2954.95 0.00038492
2957.96 0.000389694
2960.96 0.00039292
2963.96 0.000394567
2966.97 0.000394623
2969.97 0.00039309
2972.97 0.000389987
2975.98 0.000385349
2978.98 0.000379225
2981.98 0.000371681
2984.98 0.000362795
2987.99 0.00035266
2990.99 0.000341379
2993.99 0.000329069
2997 0.000315853
3000 0.000301867
