-0.02 1.72483e-06
-0.01996 1.93274e-06
-0.0199199 2.21773e-06
-0.0198799 2.57594e-06
-0.0198398 3.00246e-06
-0.0197998 3.49141e-06
-0.0197598 4.03605e-06
-0.0197197 4.62883e-06
-0.0196797 5.26155e-06
-0.0196396 5.92545e-06
-0.0195996 6.61135e-06
-0.0195596 7.30976e-06
-0.0195195 8.01104e-06
-0.0194795 8.70551e-06
-0.0194394 9.38361e-06
-0.0193994 1.0036e-05
-0.0193594 1.06538e-05
-0.0193193 1.12285e-05
-0.0192793 1.17523e-05
-0.0192392 1.22181e-05
-0.0191992 1.26196e-05
-0.0191592 1.29514e-05
-0.0191191 1.32091e-05
-0.0190791 1.33893e-05
-0.019039 1.34898e-05
-0.018999 1.35093e-05
-0.018959 1.34478e-05
-0.0189189 1.33064e-05
-0.0188789 1.30872e-05
-0.0188388 1.27935e-05
-0.0187988 1.24295e-05
-0.0187588 1.20005e-05
-0.0187187 1.15126e-05
-0.0186787 1.09728e-05
-0.0186386 1.03886e-05
-0.0185986 9.76831e-06
-0.0185586 9.12067e-06
-0.0185185 8.45478e-06
-0.0184785 7.77999e-06
-0.0184384 7.10575e-06
-0.0183984 6.44153e-06
-0.0183584 5.79664e-06
-0.0183183 5.18012e-06
-0.0182783 4.60066e-06
-0.0182382 4.06639e-06
-0.0181982 3.58487e-06
-0.0181582 3.16293e-06
-0.0181181 2.80659e-06
-0.0180781 2.52099e-06
-0.018038 2.31032e-06
-0.017998 2.17776e-06
-0.017958 2.12545e-06
-0.0179179 2.15442e-06
-0.0178779 2.26466e-06
-0.0178378 2.45503e-06
-0.0177978 2.72336e-06
-0.0177578 3.06641e-06
-0.0177177 3.47997e-06
-0.0176777 3.95887e-06
-0.0176376 4.4971e-06
-0.0175976 5.08784e-06
-0.0175576 5.7236e-06
-0.0175175 6.3963e-06
-0.0174775 7.09735e-06
-0.0174374 7.81782e-06
-0.0173974 8.54852e-06
-0.0173574 9.28014e-06
-0.0173173 1.00033e-05
-0.0172773 1.07089e-05
-0.0172372 1.13879e-05
-0.0171972 1.20318e-05
-0.0171572 1.26323e-05
-0.0171171 1.31819e-05
-0.0170771 1.36738e-05
-0.017037 1.41017e-05
-0.016997 1.44605e-05
-0.016957 1.47457e-05
-0.0169169 1.49539e-05
-0.0168769 1.50828e-05
-0.0168368 1.51308e-05
-0.0167968 1.50977e-05
-0.0167568 1.49842e-05
-0.0167167 1.47921e-05
-0.0166767 1.4524e-05
-0.0166366 1.41838e-05
-0.0165966 1.3776e-05
-0.0165566 1.33062e-05
-0.0165165 1.27808e-05
-0.0164765 1.22066e-05
-0.0164364 1.15912e-05
-0.0163964 1.09429e-05
-0.0163564 1.02701e-05
-0.0163163 9.58159e-06
-0.0162763 8.88642e-06
-0.0162362 8.19362e-06
-0.0161962 7.51221e-06
-0.0161562 6.85104e-06
-0.0161161 6.21869e-06
-0.0160761 5.62335e-06
-0.016036 5.07274e-06
-0.015996 4.57401e-06
-0.015956 4.13363e-06
-0.0159159 3.75735e-06
-0.0158759 3.45009e-06
-0.0158358 3.21594e-06
-0.0157958 3.05804e-06
-0.0157558 2.97861e-06
-0.0157157 2.97889e-06
-0.0156757 3.05916e-06
-0.0156356 3.21869e-06
-0.0155956 3.45583e-06
-0.0155556 3.76795e-06
-0.0155155 4.15155e-06
-0.0154755 4.60227e-06
-0.0154354 5.11495e-06
-0.0153954 5.68369e-06
-0.0153554 6.30197e-06
-0.0153153 6.96265e-06
-0.0152753 7.65816e-06
-0.0152352 8.3805e-06
-0.0151952 9.12138e-06
-0.0151552 9.87236e-06
-0.0151151 1.06248e-05
-0.0150751 1.13703e-05
-0.015035 1.21003e-05
-0.014995 1.28066e-05
-0.014955 1.34812e-05
-0.0149149 1.41167e-05
-0.0148749 1.4706e-05
-0.0148348 1.52426e-05
-0.0147948 1.57207e-05
-0.0147548 1.6135e-05
-0.0147147 1.64813e-05
-0.0146747 1.67559e-05
-0.0146346 1.6956e-05
-0.0145946 1.70797e-05
-0.0145546 1.7126e-05
-0.0145145 1.70948e-05
-0.0144745 1.69868e-05
-0.0144344 1.68036e-05
-0.0143944 1.65478e-05
-0.0143544 1.62226e-05
-0.0143143 1.5832e-05
-0.0142743 1.5381e-05
-0.0142342 1.48748e-05
-0.0141942 1.43197e-05
-0.0141542 1.37222e-05
-0.0141141 1.30894e-05
-0.0140741 1.24288e-05
-0.014034 1.17481e-05
-0.013994 1.10552e-05
-0.013954 1.03583e-05
-0.0139139 9.66556e-06
-0.0138739 8.98494e-06
-0.0138338 8.32442e-06
-0.0137938 7.69168e-06
-0.0137538 7.09412e-06
-0.0137137 6.53873e-06
-0.0136737 6.03204e-06
-0.0136336 5.58005e-06
-0.0135936 5.18814e-06
-0.0135536 4.86107e-06
-0.0135135 4.60287e-06
-0.0134735 4.41682e-06
-0.0134334 4.30543e-06
-0.0133934 4.27041e-06
-0.0133534 4.31264e-06
-0.0133133 4.43215e-06
-0.0132733 4.62818e-06
-0.0132332 4.89912e-06
-0.0131932 5.24257e-06
-0.0131532 5.65536e-06
-0.0131131 6.13356e-06
-0.0130731 6.67257e-06
-0.013033 7.26712e-06
-0.012993 7.91138e-06
-0.012953 8.59897e-06
-0.0129129 9.32305e-06
-0.0128729 1.00764e-05
-0.0128328 1.08515e-05
-0.0127928 1.16406e-05
-0.0127528 1.24359e-05
-0.0127127 1.32292e-05
-0.0126727 1.40128e-05
-0.0126326 1.47788e-05
-0.0125926 1.55196e-05
-0.0125526 1.62277e-05
-0.0125125 1.68962e-05
-0.0124725 1.75185e-05
-0.0124324 1.80884e-05
-0.0123924 1.86005e-05
-0.0123524 1.90497e-05
-0.0123123 1.94318e-05
-0.0122723 1.97433e-05
-0.0122322 1.99813e-05
-0.0121922 2.01437e-05
-0.0121522 2.02292e-05
-0.0121121 2.02374e-05
-0.0120721 2.01687e-05
-0.012032 2.00241e-05
-0.011992 1.98056e-05
-0.011952 1.95159e-05
-0.0119119 1.91583e-05
-0.0118719 1.87369e-05
-0.0118318 1.82566e-05
-0.0117918 1.77226e-05
-0.0117518 1.71408e-05
-0.0117117 1.65177e-05
-0.0116717 1.586e-05
-0.0116316 1.51747e-05
-0.0115916 1.44694e-05
-0.0115516 1.37514e-05
-0.0115115 1.30286e-05
-0.0114715 1.23087e-05
-0.0114314 1.15992e-05
-0.0113914 1.09077e-05
-0.0113514 1.02416e-05
-0.0113113 9.60785e-06
-0.0112713 9.01328e-06
-0.0112312 8.46417e-06
-0.0111912 7.96638e-06
-0.0111512 7.52524e-06
-0.0111111 7.1455e-06
-0.0110711 6.83133e-06
-0.011031 6.58622e-06
-0.010991 6.413e-06
-0.010951 6.31379e-06
-0.0109109 6.29e-06
-0.0108709 6.34231e-06
-0.0108308 6.47069e-06
-0.0107908 6.67438e-06
-0.0107508 6.95192e-06
-0.0107107 7.30116e-06
-0.0106707 7.71929e-06
-0.0106306 8.20287e-06
-0.0105906 8.74789e-06
-0.0105506 9.34977e-06
-0.0105105 1.00034e-05
-0.0104705 1.07034e-05
-0.0104304 1.14437e-05
-0.0103904 1.2218e-05
-0.0103504 1.302e-05
-0.0103103 1.38427e-05
-0.0102703 1.46793e-05
-0.0102302 1.55229e-05
-0.0101902 1.63663e-05
-0.0101502 1.72026e-05
-0.0101101 1.80248e-05
-0.0100701 1.88263e-05
-0.01003 1.96006e-05
-0.00998999 2.03412e-05
-0.00994995 2.10424e-05
-0.00990991 2.16985e-05
-0.00986987 2.23043e-05
-0.00982983 2.28552e-05
-0.00978979 2.33468e-05
-0.00974975 2.37756e-05
-0.00970971 2.41384e-05
-0.00966967 2.44325e-05
-0.00962963 2.46561e-05
-0.00958959 2.48077e-05
-0.00954955 2.48866e-05
-0.00950951 2.48927e-05
-0.00946947 2.48263e-05
-0.00942943 2.46887e-05
-0.00938939 2.44815e-05
-0.00934935 2.4207e-05
-0.00930931 2.38681e-05
-0.00926927 2.3468e-05
-0.00922923 2.30108e-05
-0.00918919 2.25009e-05
-0.00914915 2.19429e-05
-0.00910911 2.13423e-05
-0.00906907 2.07045e-05
-0.00902903 2.00356e-05
-0.00898899 1.93417e-05
-0.00894895 1.86292e-05
-0.00890891 1.79048e-05
-0.00886887 1.71751e-05
-0.00882883 1.64469e-05
-0.00878879 1.5727e-05
-0.00874875 1.50222e-05
-0.00870871 1.4339e-05
-0.00866867 1.3684e-05
-0.00862863 1.30635e-05
-0.00858859 1.24834e-05
-0.00854855 1.19494e-05
-0.00850851 1.14669e-05
-0.00846847 1.10409e-05
-0.00842843 1.06758e-05
-0.00838839 1.03757e-05
-0.00834835 1.01439e-05
-0.00830831 9.98352e-06
-0.00826827 9.89679e-06
-0.00822823 9.88547e-06
-0.00818819 9.95069e-06
-0.00814815 1.00929e-05
-0.00810811 1.0312e-05
-0.00806807 1.06071e-05
-0.00802803 1.09768e-05
-0.00798799 1.1419e-05
-0.00794795 1.19311e-05
-0.00790791 1.25097e-05
-0.00786787 1.31509e-05
-0.00782783 1.38505e-05
-0.00778779 1.46034e-05
-0.00774775 1.54043e-05
-0.00770771 1.62474e-05
-0.00766767 1.71266e-05
-0.00762763 1.80355e-05
-0.00758759 1.89674e-05
-0.00754755 1.99152e-05
-0.00750751 2.08721e-05
-0.00746747 2.18309e-05
-0.00742743 2.27845e-05
-0.00738739 2.37259e-05
-0.00734735 2.46482e-05
-0.00730731 2.55447e-05
-0.00726727 2.64089e-05
-0.00722723 2.72348e-05
-0.00718719 2.80165e-05
-0.00714715 2.87487e-05
-0.00710711 2.94267e-05
-0.00706707 3.00461e-05
-0.00702703 3.06033e-05
-0.00698699 3.1095e-05
-0.00694695 3.15189e-05
-0.00690691 3.18731e-05
-0.00686687 3.21564e-05
-0.00682683 3.23685e-05
-0.00678679 3.25095e-05
-0.00674675 3.25804e-05
-0.00670671 3.25828e-05
-0.00666667 3.25188e-05
-0.00662663 3.23913e-05
-0.00658659 3.22037e-05
-0.00654655 3.19599e-05
-0.00650651 3.16644e-05
-0.00646647 3.13219e-05
-0.00642643 3.09377e-05
-0.00638639 3.05173e-05
-0.00634635 3.00664e-05
-0.00630631 2.95908e-05
-0.00626627 2.90964e-05
-0.00622623 2.85893e-05
-0.00618619 2.80751e-05
-0.00614615 2.75597e-05
-0.00610611 2.70483e-05
-0.00606607 2.65462e-05
-0.00602603 2.60581e-05
-0.00598599 2.55882e-05
-0.00594595 2.51404e-05
-0.00590591 2.47178e-05
-0.00586587 2.43232e-05
-0.00582583 2.39585e-05
-0.00578579 2.36251e-05
-0.00574575 2.33237e-05
-0.00570571 2.30544e-05
-0.00566567 2.28165e-05
-0.00562563 2.26089e-05
-0.00558559 2.24298e-05
-0.00554555 2.22767e-05
-0.00550551 2.2147e-05
-0.00546547 2.20373e-05
-0.00542543 2.19442e-05
-0.00538539 2.18639e-05
-0.00534535 2.17925e-05
-0.00530531 2.17262e-05
-0.00526527 2.16611e-05
-0.00522523 2.15938e-05
-0.00518519 2.15209e-05
-0.00514515 2.14399e-05
-0.00510511 2.13485e-05
-0.00506507 2.12455e-05
-0.00502503 2.11302e-05
-0.00498498 2.10032e-05
-0.00494494 2.08659e-05
-0.0049049 2.07209e-05
-0.00486486 2.05722e-05
-0.00482482 2.04247e-05
-0.00478478 2.0285e-05
-0.00474474 2.01609e-05
-0.0047047 2.00613e-05
-0.00466466 1.99969e-05
-0.00462462 1.99791e-05
-0.00458458 2.00208e-05
-0.00454454 2.01359e-05
-0.0045045 2.03391e-05
-0.00446446 2.06462e-05
-0.00442442 2.10732e-05
-0.00438438 2.16367e-05
-0.00434434 2.23534e-05
-0.0043043 2.32399e-05
-0.00426426 2.43125e-05
-0.00422422 2.55867e-05
-0.00418418 2.70771e-05
-0.00414414 2.87972e-05
-0.0041041 3.07586e-05
-0.00406406 3.29714e-05
-0.00402402 3.54432e-05
-0.00398398 3.81793e-05
-0.00394394 4.1182e-05
-0.0039039 4.44508e-05
-0.00386386 4.79817e-05
-0.00382382 5.17674e-05
-0.00378378 5.57968e-05
-0.00374374 6.00551e-05
-0.0037037 6.45233e-05
-0.00366366 6.91789e-05
-0.00362362 7.3995e-05
-0.00358358 7.89412e-05
-0.00354354 8.3983e-05
-0.0035035 8.90825e-05
-0.00346346 9.41985e-05
-0.00342342 9.92866e-05
-0.00338338 0.0001043
-0.00334334 0.000109189
-0.0033033 0.000113904
-0.00326326 0.000118391
-0.00322322 0.000122598
-0.00318318 0.000126472
-0.00314314 0.000129962
-0.0031031 0.000133017
-0.00306306 0.000135588
-0.00302302 0.000137629
-0.00298298 0.000139101
-0.00294294 0.000139964
-0.0029029 0.000140188
-0.00286286 0.000139747
-0.00282282 0.000138623
-0.00278278 0.000136803
-0.00274274 0.000134286
-0.0027027 0.000131076
-0.00266266 0.00012719
-0.00262262 0.000122652
-0.00258258 0.000117497
-0.00254254 0.000111772
-0.0025025 0.000105531
-0.00246246 9.88432e-05
-0.00242242 9.17842e-05
-0.00238238 8.44424e-05
-0.00234234 7.69156e-05
-0.0023023 6.93112e-05
-0.00226226 6.17455e-05
-0.00222222 5.43435e-05
-0.00218218 4.72374e-05
-0.00214214 4.0566e-05
-0.0021021 3.44737e-05
-0.00206206 2.9109e-05
-0.00202202 2.46237e-05
-0.00198198 2.11711e-05
-0.00194194 1.89048e-05
-0.0019019 1.79771e-05
-0.00186186 1.85375e-05
-0.00182182 2.0731e-05
-0.00178178 2.46966e-05
-0.00174174 3.05658e-05
-0.0017017 3.84607e-05
-0.00166166 4.84924e-05
-0.00162162 6.076e-05
-0.00158158 7.53487e-05
-0.00154154 9.23283e-05
-0.0015015 0.000111752
-0.00146146 0.000133657
-0.00142142 0.00015806
-0.00138138 0.000184958
-0.00134134 0.00021433
-0.0013013 0.000246133
-0.00126126 0.000280303
-0.00122122 0.000316755
-0.00118118 0.000355382
-0.00114114 0.000396058
-0.0011011 0.000438636
-0.00106106 0.000482948
-0.00102102 0.000528809
-0.000980981 0.000576014
-0.000940941 0.000624343
-0.000900901 0.000673561
-0.000860861 0.000723419
-0.000820821 0.000773655
-0.000780781 0.000824001
-0.000740741 0.000874176
-0.000700701 0.000923897
-0.000660661 0.000972877
-0.000620621 0.00102083
-0.000580581 0.00106746
-0.000540541 0.00111249
-0.000500501 0.00115564
-0.00046046 0.00119665
-0.00042042 0.00123524
-0.00038038 0.00127118
-0.00034034 0.00130424
-0.0003003 0.0013342
-0.00026026 0.00136086
-0.00022022 0.00138405
-0.00018018 0.00140361
-0.00014014 0.00141942
-0.0001001 0.00143137
-6.00601e-05 0.00143938
-2.002e-05 0.0014434
2.002e-05 0.0014434
6.00601e-05 0.00143938
0.0001001 0.00143137
0.00014014 0.00141942
0.00018018 0.00140361
0.00022022 0.00138405
0.00026026 0.00136086
0.0003003 0.0013342
0.00034034 0.00130424
0.00038038 0.00127118
0.00042042 0.00123524
0.00046046 0.00119665
0.000500501 0.00115564
0.000540541 0.00111249
0.000580581 0.00106746
0.000620621 0.00102083
0.000660661 0.000972877
0.000700701 0.000923897
0.000740741 0.000874176
0.000780781 0.000824001
0.000820821 0.000773655
0.000860861 0.000723419
0.000900901 0.000673561
0.000940941 0.000624343
0.000980981 0.000576014
0.00102102 0.000528809
0.00106106 0.000482948
0.0011011 0.000438636
0.00114114 0.000396058
0.00118118 0.000355382
0.00122122 0.000316755
0.00126126 0.000280303
0.0013013 0.000246133
0.00134134 0.00021433
0.00138138 0.000184958
0.00142142 0.00015806
0.00146146 0.000133657
0.0015015 0.000111752
0.00154154 9.23283e-05
0.00158158 7.53487e-05
0.00162162 6.076e-05
0.00166166 4.84924e-05
0.0017017 3.84607e-05
0.00174174 3.05658e-05
0.00178178 2.46966e-05
0.00182182 2.0731e-05
0.00186186 1.85375e-05
0.0019019 1.79771e-05
0.00194194 1.89048e-05
0.00198198 2.11711e-05
0.00202202 2.46237e-05
0.00206206 2.9109e-05
0.0021021 3.44737e-05
0.00214214 4.0566e-05
0.00218218 4.72374e-05
0.00222222 5.43435e-05
0.00226226 6.17455e-05
0.0023023 6.93112e-05
0.00234234 7.69156e-05
0.00238238 8.44424e-05
0.00242242 9.17842e-05
0.00246246 9.88432e-05
0.0025025 0.000105531
0.00254254 0.000111772
0.00258258 0.000117497
0.00262262 0.000122652
0.00266266 0.00012719
0.0027027 0.000131076
0.00274274 0.000134286
0.00278278 0.000136803
0.00282282 0.000138623
0.00286286 0.000139747
0.0029029 0.000140188
0.00294294 0.000139964
0.00298298 0.000139101
0.00302302 0.000137629
0.00306306 0.000135588
0.0031031 0.000133017
0.00314314 0.000129962
0.00318318 0.000126472
0.00322322 0.000122598
0.00326326 0.000118391
0.0033033 0.000113904
0.00334334 0.000109189
0.00338338 0.0001043
0.00342342 9.92866e-05
0.00346346 9.41985e-05
0.0035035 8.90825e-05
0.00354354 8.3983e-05
0.00358358 7.89412e-05
0.00362362 7.3995e-05
0.00366366 6.91789e-05
0.0037037 6.45233e-05
0.00374374 6.00551e-05
0.00378378 5.57968e-05
0.00382382 5.17674e-05
0.00386386 4.79817e-05
0.0039039 4.44508e-05
0.00394394 4.1182e-05
0.00398398 3.81793e-05
0.00402402 3.54432e-05
0.00406406 3.29714e-05
0.0041041 3.07586e-05
0.00414414 2.87972e-05
0.00418418 2.70771e-05
0.00422422 2.55867e-05
0.00426426 2.43125e-05
0.0043043 2.32399e-05
0.00434434 2.23534e-05
0.00438438 2.16367e-05
0.00442442 2.10732e-05
0.00446446 2.06462e-05
0.0045045 2.03391e-05
0.00454454 2.01359e-05
0.00458458 2.00208e-05
0.00462462 1.99791e-05
0.00466466 1.99969e-05
0.0047047 2.00613e-05
0.00474474 2.01609e-05
0.00478478 2.0285e-05
0.00482482 2.04247e-05
0.00486486 2.05722e-05
0.0049049 2.07209e-05
0.00494494 2.08659e-05
0.00498498 2.10032e-05
0.00502503 2.11302e-05
0.00506507 2.12455e-05
0.00510511 2.13485e-05
0.00514515 2.14399e-05
0.00518519 2.15209e-05
0.00522523 2.15938e-05
0.00526527 2.16611e-05
0.00530531 2.17262e-05
0.00534535 2.17925e-05
0.00538539 2.18639e-05
0.00542543 2.19442e-05
0.00546547 2.20373e-05
0.00550551 2.2147e-05
0.00554555 2.22767e-05
0.00558559 2.24298e-05
0.00562563 2.26089e-05
0.00566567 2.28165e-05
0.00570571 2.30544e-05
0.00574575 2.33237e-05
0.00578579 2.36251e-05
0.00582583 2.39585e-05
0.00586587 2.43232e-05
0.00590591 2.47178e-05
0.00594595 2.51404e-05
0.00598599 2.55882e-05
0.00602603 2.60581e-05
0.00606607 2.65462e-05
0.00610611 2.70483e-05
0.00614615 2.75597e-05
0.00618619 2.80751e-05
0.00622623 2.85893e-05
0.00626627 2.90964e-05
0.00630631 2.95908e-05
0.00634635 3.00664e-05
0.00638639 3.05173e-05
0.00642643 3.09377e-05
0.00646647 3.13219e-05
0.00650651 3.16644e-05
0.00654655 3.19599e-05
0.00658659 3.22037e-05
0.00662663 3.23913e-05
0.00666667 3.25188e-05
0.00670671 3.25828e-05
0.00674675 3.25804e-05
0.00678679 3.25095e-05
0.00682683 3.23685e-05
0.00686687 3.21564e-05
0.00690691 3.18731e-05
0.00694695 3.15189e-05
0.00698699 3.1095e-05
0.00702703 3.06033e-05
0.00706707 3.00461e-05
0.00710711 2.94267e-05
0.00714715 2.87487e-05
0.00718719 2.80165e-05
0.00722723 2.72348e-05
0.00726727 2.64089e-05
0.00730731 2.55447e-05
0.00734735 2.46482e-05
0.00738739 2.37259e-05
0.00742743 2.27845e-05
0.00746747 2.18309e-05
0.00750751 2.08721e-05
0.00754755 1.99152e-05
0.00758759 1.89674e-05
0.00762763 1.80355e-05
0.00766767 1.71266e-05
0.00770771 1.62474e-05
0.00774775 1.54043e-05
0.00778779 1.46034e-05
0.00782783 1.38505e-05
0.00786787 1.31509e-05
0.00790791 1.25097e-05
0.00794795 1.19311e-05
0.00798799 1.1419e-05
0.00802803 1.09768e-05
0.00806807 1.06071e-05
0.00810811 1.0312e-05
0.00814815 1.00929e-05
0.00818819 9.95069e-06
0.00822823 9.88547e-06
0.00826827 9.89679e-06
0.00830831 9.98352e-06
0.00834835 1.01439e-05
0.00838839 1.03757e-05
0.00842843 1.06758e-05
0.00846847 1.10409e-05
0.00850851 1.14669e-05
0.00854855 1.19494e-05
0.00858859 1.24834e-05
0.00862863 1.30635e-05
0.00866867 1.3684e-05
0.00870871 1.4339e-05
0.00874875 1.50222e-05
0.00878879 1.5727e-05
0.00882883 1.64469e-05
0.00886887 1.71751e-05
0.00890891 1.79048e-05
0.00894895 1.86292e-05
0.00898899 1.93417e-05
0.00902903 2.00356e-05
0.00906907 2.07045e-05
0.00910911 2.13423e-05
0.00914915 2.19429e-05
0.00918919 2.25009e-05
0.00922923 2.30108e-05
0.00926927 2.3468e-05
0.00930931 2.38681e-05
0.00934935 2.4207e-05
0.00938939 2.44815e-05
0.00942943 2.46887e-05
0.00946947 2.48263e-05
0.00950951 2.48927e-05
0.00954955 2.48866e-05
0.00958959 2.48077e-05
0.00962963 2.46561e-05
0.00966967 2.44325e-05
0.00970971 2.41384e-05
0.00974975 2.37756e-05
0.00978979 2.33468e-05
0.00982983 2.28552e-05
0.00986987 2.23043e-05
0.00990991 2.16985e-05
0.00994995 2.10424e-05
0.00998999 2.03412e-05
0.01003 1.96006e-05
0.0100701 1.88263e-05
0.0101101 1.80248e-05
0.0101502 1.72026e-05
0.0101902 1.63663e-05
0.0102302 1.55229e-05
0.0102703 1.46793e-05
0.0103103 1.38427e-05
0.0103504 1.302e-05
0.0103904 1.2218e-05
0.0104304 1.14437e-05
0.0104705 1.07034e-05
0.0105105 1.00034e-05
0.0105506 9.34977e-06
0.0105906 8.74789e-06
0.0106306 8.20287e-06
0.0106707 7.71929e-06
0.0107107 7.30116e-06
0.0107508 6.95192e-06
0.0107908 6.67438e-06
0.0108308 6.47069e-06
0.0108709 6.34231e-06
0.0109109 6.29e-06
0.010951 6.31379e-06
0.010991 6.413e-06
0.011031 6.58622e-06
0.0110711 6.83133e-06
0.0111111 7.1455e-06
0.0111512 7.52524e-06
0.0111912 7.96638e-06
0.0112312 8.46417e-06
0.0112713 9.01328e-06
0.0113113 9.60785e-06
0.0113514 1.02416e-05
0.0113914 1.09077e-05
0.0114314 1.15992e-05
0.0114715 1.23087e-05
0.0115115 1.30286e-05
0.0115516 1.37514e-05
0.0115916 1.44694e-05
0.0116316 1.51747e-05
0.0116717 1.586e-05
0.0117117 1.65177e-05
0.0117518 1.71408e-05
0.0117918 1.77226e-05
0.0118318 1.82566e-05
0.0118719 1.87369e-05
0.0119119 1.91583e-05
0.011952 1.95159e-05
0.011992 1.98056e-05
0.012032 2.00241e-05
0.0120721 2.01687e-05
0.0121121 2.02374e-05
0.0121522 2.02292e-05
0.0121922 2.01437e-05
0.0122322 1.99813e-05
0.0122723 1.97433e-05
0.0123123 1.94318e-05
0.0123524 1.90497e-05
0.0123924 1.86005e-05
0.0124324 1.80884e-05
0.0124725 1.75185e-05
0.0125125 1.68962e-05
0.0125526 1.62277e-05
0.0125926 1.55196e-05
0.0126326 1.47788e-05
0.0126727 1.40128e-05
0.0127127 1.32292e-05
0.0127528 1.24359e-05
0.0127928 1.16406e-05
0.0128328 1.08515e-05
0.0128729 1.00764e-05
0.0129129 9.32305e-06
0.012953 8.59897e-06
0.012993 7.91138e-06
0.013033 7.26712e-06
0.0130731 6.67257e-06
0.0131131 6.13356e-06
0.0131532 5.65536e-06
0.0131932 5.24257e-06
0.0132332 4.89912e-06
0.0132733 4.62818e-06
0.0133133 4.43215e-06
0.0133534 4.31264e-06
0.0133934 4.27041e-06
0.0134334 4.30543e-06
0.0134735 4.41682e-06
0.0135135 4.60287e-06
0.0135536 4.86107e-06
0.0135936 5.18814e-06
0.0136336 5.58005e-06
0.0136737 6.03204e-06
0.0137137 6.53873e-06
0.0137538 7.09412e-06
0.0137938 7.69168e-06
0.0138338 8.32442e-06
0.0138739 8.98494e-06
0.0139139 9.66556e-06
0.013954 1.03583e-05
0.013994 1.10552e-05
0.014034 1.17481e-05
0.0140741 1.24288e-05
0.0141141 1.30894e-05
0.0141542 1.37222e-05
0.0141942 1.43197e-05
0.0142342 1.48748e-05
0.0142743 1.5381e-05
0.0143143 1.5832e-05
0.0143544 1.62226e-05
0.0143944 1.65478e-05
0.0144344 1.68036e-05
0.0144745 1.69868e-05
0.0145145 1.70948e-05
0.0145546 1.7126e-05
0.0145946 1.70797e-05
0.0146346 1.6956e-05
0.0146747 1.67559e-05
0.0147147 1.64813e-05
0.0147548 1.6135e-05
0.0147948 1.57207e-05
0.0148348 1.52426e-05
0.0148749 1.4706e-05
0.0149149 1.41167e-05
0.014955 1.34812e-05
0.014995 1.28066e-05
0.015035 1.21003e-05
0.0150751 1.13703e-05
0.0151151 1.06248e-05
0.0151552 9.87236e-06
0.0151952 9.12138e-06
0.0152352 8.3805e-06
0.0152753 7.65816e-06
0.0153153 6.96265e-06
0.0153554 6.30197e-06
0.0153954 5.68369e-06
0.0154354 5.11495e-06
0.0154755 4.60227e-06
0.0155155 4.15155e-06
0.0155556 3.76795e-06
0.0155956 3.45583e-06
0.0156356 3.21869e-06
0.0156757 3.05916e-06
0.0157157 2.97889e-06
0.0157558 2.97861e-06
0.0157958 3.05804e-06
0.0158358 3.21594e-06
0.0158759 3.45009e-06
0.0159159 3.75735e-06
0.015956 4.13363e-06
0.015996 4.57401e-06
0.016036 5.07274e-06
0.0160761 5.62335e-06
0.0161161 6.21869e-06
0.0161562 6.85104e-06
0.0161962 7.51221e-06
0.0162362 8.19362e-06
0.0162763 8.88642e-06
0.0163163 9.58159e-06
0.0163564 1.02701e-05
0.0163964 1.09429e-05
0.0164364 1.15912e-05
0.0164765 1.22066e-05
0.0165165 1.27808e-05
0.0165566 1.33062e-05
0.0165966 1.3776e-05
0.0166366 1.41838e-05
0.0166767 1.4524e-05
0.0167167 1.47921e-05
0.0167568 1.49842e-05
0.0167968 1.50977e-05
0.0168368 1.51308e-05
0.0168769 1.50828e-05
0.0169169 1.49539e-05
0.016957 1.47457e-05
0.016997 1.44605e-05
0.017037 1.41017e-05
0.0170771 1.36738e-05
0.0171171 1.31819e-05
0.0171572 1.26323e-05
0.0171972 1.20318e-05
0.0172372 1.13879e-05
0.0172773 1.07089e-05
0.0173173 1.00033e-05
0.0173574 9.28014e-06
0.0173974 8.54852e-06
0.0174374 7.81782e-06
0.0174775 7.09735e-06
0.0175175 6.3963e-06
0.0175576 5.7236e-06
0.0175976 5.08784e-06
0.0176376 4.4971e-06
0.0176777 3.95887e-06
0.0177177 3.47997e-06
0.0177578 3.06641e-06
0.0177978 2.72336e-06
0.0178378 2.45503e-06
0.0178779 2.26466e-06
0.0179179 2.15442e-06
0.017958 2.12545e-06
0.017998 2.17776e-06
0.018038 2.31032e-06
0.0180781 2.52099e-06
0.0181181 2.80659e-06
0.0181582 3.16293e-06
0.0181982 3.58487e-06
0.0182382 4.06639e-06
0.0182783 4.60066e-06
0.0183183 5.18012e-06
0.0183584 5.79664e-06
0.0183984 6.44153e-06
0.0184384 7.10575e-06
0.0184785 7.77999e-06
0.0185185 8.45478e-06
0.0185586 9.12067e-06
0.0185986 9.76831e-06
0.0186386 1.03886e-05
0.0186787 1.09728e-05
0.0187187 1.15126e-05
0.0187588 1.20005e-05
0.0187988 1.24295e-05
0.0188388 1.27935e-05
0.0188789 1.30872e-05
0.0189189 1.33064e-05
0.018959 1.34478e-05
0.018999 1.35093e-05
0.019039 1.34898e-05
0.0190791 1.33893e-05
0.0191191 1.32091e-05
0.0191592 1.29514e-05
0.0191992 1.26196e-05
0.0192392 1.22181e-05
0.0192793 1.17523e-05
0.0193193 1.12285e-05
0.0193594 1.06538e-05
0.0193994 1.0036e-05
0.0194394 9.38361e-06
0.0194795 8.70551e-06
0.0195195 8.01104e-06
0.0195596 7.30976e-06
0.0195996 6.61135e-06
0.0196396 5.92545e-06
0.0196797 5.26155e-06
0.0197197 4.62883e-06
0.0197598 4.03605e-06
0.0197998 3.49141e-06
0.0198398 3.00246e-06
0.0198799 2.57594e-06
0.0199199 2.21773e-06
0.01996 1.93274e-06
0.02 1.72483e-06
