200 0.0192336
204.805 0.0329853
209.61 0.0158022
214.414 0.0229307
219.219 0.0285713
224.024 0.0140699
228.829 0.0332243
233.634 0.0122955
238.438 0.0338593
243.243 0.0126253
248.048 0.0323324
252.853 0.0168606
257.658 0.0245219
262.462 0.0283495
267.267 0.012692
272.072 0.034742
276.877 0.0181078
281.682 0.018005
286.486 0.0355862
291.291 0.0160885
296.096 0.017678
300.901 0.0360546
305.706 0.0208874
310.511 0.0122324
315.315 0.0317491
320.12 0.032491
324.925 0.0132434
329.73 0.0163804
334.535 0.034877
339.339 0.0317826
344.144 0.0136938
348.949 0.0137505
353.754 0.0312814
358.559 0.0369586
363.363 0.0224059
368.168 0.010228
372.973 0.017773
377.778 0.0339989
382.583 0.0374504
387.387 0.0244154
392.192 0.0111664
396.997 0.0128466
401.802 0.0270221
406.607 0.0384127
411.411 0.0358153
416.216 0.0223655
421.021 0.0108852
425.826 0.0113865
430.631 0.0229519
435.435 0.0358101
440.24 0.0400048
445.045 0.0328418
449.85 0.0199439
454.655 0.0103934
459.459 0.0103276
464.264 0.0193982
469.069 0.0317465
473.874 0.0400781
478.679 0.0399362
483.483 0.0317857
488.288 0.0202052
493.093 0.0111217
497.898 0.00879685
502.703 0.0140348
507.508 0.0242098
512.312 0.0347814
517.117 0.0413944
521.922 0.0416034
526.727 0.0356097
531.532 0.0258982
536.336 0.0160973
541.141 0.00959575
545.946 0.00843273
550.751 0.0127803
555.556 0.021086
560.36 0.0307223
565.165 0.0388654
569.97 0.0433125
574.775 0.0430191
579.58 0.0382573
584.384 0.0304126
589.189 0.0215299
593.994 0.0137586
598.799 0.00884447
603.604 0.00777817
608.408 0.0106542
613.213 0.016738
618.018 0.0246962
622.823 0.0329174
627.628 0.0398471
632.432 0.0442713
637.237 0.0455026
642.042 0.0434513
646.847 0.0385845
651.652 0.031798
656.456 0.0242339
661.261 0.0170811
666.066 0.0113919
670.871 0.0079409
675.676 0.00714003
680.48 0.00901388
685.285 0.0132309
690.09 0.0191781
694.895 0.026063
699.7 0.0330271
704.505 0.0392544
709.309 0.0440623
714.114 0.0469679
718.919 0.047724
723.724 0.0463256
728.529 0.0429901
733.333 0.0381167
738.138 0.0322316
742.943 0.0259269
747.748 0.0197997
752.553 0.0143973
757.357 0.0101721
762.162 0.00745081
766.967 0.00641621
771.772 0.00710415
776.577 0.00941215
781.381 0.0131185
786.186 0.0179083
790.991 0.0234047
795.796 0.0292005
800.601 0.0348897
805.405 0.0400953
810.21 0.0444924
815.015 0.0478257
819.82 0.0499206
824.625 0.050688
829.429 0.0501233
834.234 0.0483002
839.039 0.0453609
843.844 0.0415026
848.649 0.0369629
853.453 0.0320034
858.258 0.0268945
863.063 0.0219005
867.868 0.0172667
872.673 0.0132089
877.477 0.00990448
882.282 0.00748734
887.087 0.00604444
891.892 0.00561531
896.697 0.0061936
901.502 0.00773059
906.306 0.0101402
911.111 0.013305
915.916 0.0170834
920.721 0.0213167
925.526 0.0258365
930.33 0.0304717
935.135 0.0350551
939.94 0.039429
944.745 0.0434505
949.55 0.0469954
954.354 0.0499608
959.159 0.0522678
963.964 0.0538618
968.769 0.0547131
973.574 0.0548163
978.378 0.0541882
983.183 0.0528667
987.988 0.0509079
992.793 0.0483831
997.598 0.0453764
1002.4 0.0419808
1007.21 0.0382959
1012.01 0.0344242
1016.82 0.0304685
1021.62 0.0265294
1026.43 0.0227026
1031.23 0.0190769
1036.04 0.0157327
1040.84 0.0127406
1045.65 0.01016
1050.45 0.00803891
1055.26 0.0064132
1060.06 0.00530679
1064.86 0.00473174
1069.67 0.00468876
1074.47 0.00516785
1079.28 0.00614917
1084.08 0.007604
1088.89 0.00949586
1093.69 0.0117816
1098.5 0.0144128
1103.3 0.0173366
1108.11 0.0204973
1112.91 0.0238375
1117.72 0.0272987
1122.52 0.0308231
1127.33 0.0343541
1132.13 0.0378371
1136.94 0.0412206
1141.74 0.0444566
1146.55 0.0475012
1151.35 0.0503152
1156.16 0.052864
1160.96 0.0551185
1165.77 0.0570547
1170.57 0.058654
1175.38 0.0599031
1180.18 0.0607937
1184.98 0.0613227
1189.79 0.0614919
1194.59 0.0613072
1199.4 0.0607791
1204.2 0.0599216
1209.01 0.0587523
1213.81 0.0572917
1218.62 0.055563
1223.42 0.0535916
1228.23 0.0514045
1233.03 0.0490303
1237.84 0.0464985
1242.64 0.0438391
1247.45 0.0410824
1252.25 0.0382586
1257.06 0.0353976
1261.86 0.0325283
1266.67 0.0296788
1271.47 0.0268761
1276.28 0.0241456
1281.08 0.0215113
1285.89 0.0189952
1290.69 0.0166177
1295.5 0.0143971
1300.3 0.0123499
1305.11 0.0104903
1309.91 0.00883044
1314.71 0.00738055
1319.52 0.00614867
1324.32 0.00514084
1329.13 0.00436111
1333.93 0.00381165
1338.74 0.00349278
1343.54 0.00340308
1348.35 0.0035395
1353.15 0.00389744
1357.96 0.00447087
1362.76 0.00525246
1367.57 0.00623368
1372.37 0.00740494
1377.18 0.0087557
1381.98 0.0102746
1386.79 0.0119495
1391.59 0.0137677
1396.4 0.0157162
1401.2 0.0177813
1406.01 0.0199494
1410.81 0.0222064
1415.62 0.0245383
1420.42 0.0269312
1425.23 0.0293713
1430.03 0.0318448
1434.83 0.0343383
1439.64 0.0368388
1444.44 0.0393336
1449.25 0.0418104
1454.05 0.0442576
1458.86 0.0466638
1463.66 0.0490185
1468.47 0.0513116
1473.27 0.0535338
1478.08 0.0556762
1482.88 0.0577309
1487.69 0.0596904
1492.49 0.0615479
1497.3 0.0632975
1502.1 0.0649337
1506.91 0.0664519
1511.71 0.0678482
1516.52 0.069119
1521.32 0.0702617
1526.13 0.0712743
1530.93 0.0721552
1535.74 0.0729035
1540.54 0.0735189
1545.35 0.0740017
1550.15 0.0743525
1554.95 0.0745726
1559.76 0.0746635
1564.56 0.0746275
1569.37 0.074467
1574.17 0.074185
1578.98 0.0737846
1583.78 0.0732694
1588.59 0.0726434
1593.39 0.0719105
1598.2 0.0710751
1603 0.0701419
1607.81 0.0691156
1612.61 0.0680011
1617.42 0.0668034
1622.22 0.0655277
1627.03 0.0641793
1631.83 0.0627636
1636.64 0.0612857
1641.44 0.0597512
1646.25 0.0581655
1651.05 0.056534
1655.86 0.054862
1660.66 0.0531548
1665.47 0.0514177
1670.27 0.0496559
1675.08 0.0478746
1679.88 0.0460786
1684.68 0.044273
1689.49 0.0424625
1694.29 0.0406518
1699.1 0.0388454
1703.9 0.0370477
1708.71 0.0352628
1713.51 0.033495
1718.32 0.0317481
1723.12 0.0300259
1727.93 0.028332
1732.73 0.0266698
1737.54 0.0250425
1742.34 0.0234533
1747.15 0.0219051
1751.95 0.0204005
1756.76 0.0189422
1761.56 0.0175326
1766.37 0.0161739
1771.17 0.0148681
1775.98 0.0136171
1780.78 0.0124227
1785.59 0.0112864
1790.39 0.0102096
1795.2 0.00919361
1800 0.00823946
1804.8 0.00734814
1809.61 0.00652043
1814.41 0.005757
1819.22 0.00505838
1824.02 0.00442497
1828.83 0.00385704
1833.63 0.00335473
1838.44 0.00291808
1843.24 0.00254699
1848.05 0.00224128
1852.85 0.00200065
1857.66 0.00182471
1862.46 0.00171295
1867.27 0.00166481
1872.07 0.00167962
1876.88 0.00175663
1881.68 0.00189502
1886.49 0.0020939
1891.29 0.00235231
1896.1 0.00266923
1900.9 0.00304358
1905.71 0.00347422
1910.51 0.00395997
1915.32 0.00449961
1920.12 0.00509185
1924.92 0.0057354
1929.73 0.0064289
1934.53 0.00717098
1939.34 0.00796023
1944.14 0.00879524
1948.95 0.00967455
1953.75 0.0105967
1958.56 0.0115602
1963.36 0.0125636
1968.17 0.0136053
1972.97 0.0146839
1977.78 0.0157979
1982.58 0.0169456
1987.39 0.0181257
1992.19 0.0193366
1997 0.0205769
2001.8 0.0218449
2006.61 0.0231393
2011.41 0.0244585
2016.22 0.0258011
2021.02 0.0271656
2025.83 0.0285506
2030.63 0.0299547
2035.44 0.0313765
2040.24 0.0328146
2045.05 0.0342676
2049.85 0.0357342
2054.65 0.0372131
2059.46 0.038703
2064.26 0.0402026
2069.07 0.0417107
2073.87 0.0432261
2078.68 0.0447475
2083.48 0.0462738
2088.29 0.0478039
2093.09 0.0493366
2097.9 0.0508709
2102.7 0.0524057
2107.51 0.0539399
2112.31 0.0554726
2117.12 0.0570028
2121.92 0.0585296
2126.73 0.060052
2131.53 0.0615691
2136.34 0.0630802
2141.14 0.0645842
2145.95 0.0660806
2150.75 0.0675684
2155.56 0.069047
2160.36 0.0705155
2165.17 0.0719734
2169.97 0.07342
2174.77 0.0748545
2179.58 0.0762765
2184.38 0.0776852
2189.19 0.0790803
2193.99 0.080461
2198.8 0.081827
2203.6 0.0831777
2208.41 0.0845127
2213.21 0.0858315
2218.02 0.0871337
2222.82 0.0884189
2227.63 0.0896868
2232.43 0.090937
2237.24 0.0921692
2242.04 0.093383
2246.85 0.0945783
2251.65 0.0957547
2256.46 0.096912
2261.26 0.0980499
2266.07 0.0991683
2270.87 0.100267
2275.68 0.101346
2280.48 0.102405
2285.29 0.103443
2290.09 0.104461
2294.89 0.105459
2299.7 0.106437
2304.5 0.107393
2309.31 0.10833
2314.11 0.109245
2318.92 0.11014
2323.72 0.111014
2328.53 0.111868
2333.33 0.1127
2338.14 0.113512
2342.94 0.114303
2347.75 0.115074
2352.55 0.115824
2357.36 0.116554
2362.16 0.117263
2366.97 0.117952
2371.77 0.11862
2376.58 0.119269
2381.38 0.119897
2386.19 0.120506
2390.99 0.121094
2395.8 0.121663
2400.6 0.122212
2405.41 0.122742
2410.21 0.123253
2415.02 0.123744
2419.82 0.124217
2424.62 0.124671
2429.43 0.125106
2434.23 0.125523
2439.04 0.125921
2443.84 0.126301
2448.65 0.126664
2453.45 0.127009
2458.26 0.127336
2463.06 0.127646
2467.87 0.127939
2472.67 0.128215
2477.48 0.128474
2482.28 0.128717
2487.09 0.128944
2491.89 0.129154
2496.7 0.129349
2501.5 0.129528
2506.31 0.129692
2511.11 0.12984
2515.92 0.129974
2520.72 0.130092
2525.53 0.130197
2530.33 0.130287
2535.14 0.130362
2539.94 0.130424
2544.74 0.130473
2549.55 0.130507
2554.35 0.130529
2559.16 0.130538
2563.96 0.130534
2568.77 0.130517
2573.57 0.130488
2578.38 0.130447
2583.18 0.130394
2587.99 0.13033
2592.79 0.130254
2597.6 0.130166
2602.4 0.130068
2607.21 0.129959
2612.01 0.129839
2616.82 0.129709
2621.62 0.129569
2626.43 0.129418
2631.23 0.129258
2636.04 0.129089
2640.84 0.12891
2645.65 0.128722
2650.45 0.128525
2655.26 0.128319
2660.06 0.128104
2664.86 0.127881
2669.67 0.12765
2674.47 0.127411
2679.28 0.127165
2684.08 0.12691
2688.89 0.126648
2693.69 0.126379
2698.5 0.126103
2703.3 0.12582
2708.11 0.12553
2712.91 0.125233
2717.72 0.124931
2722.52 0.124622
2727.33 0.124306
2732.13 0.123985
2736.94 0.123659
2741.74 0.123326
2746.55 0.122989
2751.35 0.122646
2756.16 0.122298
2760.96 0.121945
2765.77 0.121587
2770.57 0.121224
2775.38 0.120857
2780.18 0.120486
2784.98 0.12011
2789.79 0.119731
2794.59 0.119347
2799.4 0.118959
2804.2 0.118568
2809.01 0.118174
2813.81 0.117775
2818.62 0.117374
2823.42 0.116969
2828.23 0.116561
2833.03 0.116151
2837.84 0.115737
2842.64 0.115321
2847.45 0.114902
2852.25 0.114481
2857.06 0.114057
2861.86 0.113631
2866.67 0.113203
2871.47 0.112772
2876.28 0.11234
2881.08 0.111906
2885.89 0.11147
2890.69 0.111032
2895.5 0.110593
2900.3 0.110153
2905.11 0.109711
2909.91 0.109267
2914.71 0.108823
2919.52 0.108377
2924.32 0.10793
2929.13 0.107482
2933.93 0.107034
2938.74 0.106584
2943.54 0.106134
2948.35 0.105683
2953.15 0.105231
2957.96 0.104779
2962.76 0.104327
2967.57 0.103874
2972.37 0.103421
2977.18 0.102967
2981.98 0.102513
2986.79 0.10206
2991.59 0.101606
2996.4 0.101152
3001.2 0.100698
3006.01 0.100244
3010.81 0.0997909
3015.62 0.0993376
3020.42 0.0988845
3025.23 0.0984318
3030.03 0.0979794
3034.83 0.0975275
3039.64 0.097076
3044.44 0.0966251
3049.25 0.0961747
3054.05 0.0957249
3058.86 0.0952758
3063.66 0.0948274
3068.47 0.0943797
3073.27 0.0939328
3078.08 0.0934867
3082.88 0.0930415
3087.69 0.0925971
3092.49 0.0921537
3097.3 0.0917112
3102.1 0.0912697
3106.91 0.0908293
3111.71 0.0903899
3116.52 0.0899516
3121.32 0.0895145
3126.13 0.0890785
3130.93 0.0886436
3135.74 0.08821
3140.54 0.0877776
3145.35 0.0873465
3150.15 0.0869166
3154.95 0.0864881
3159.76 0.0860609
3164.56 0.0856351
3169.37 0.0852106
3174.17 0.0847875
3178.98 0.0843659
3183.78 0.0839457
3188.59 0.0835269
3193.39 0.0831096
3198.2 0.0826939
3203 0.0822796
3207.81 0.0818668
3212.61 0.0814557
3217.42 0.081046
3222.22 0.080638
3227.03 0.0802315
3231.83 0.0798266
3236.64 0.0794234
3241.44 0.0790217
3246.25 0.0786218
3251.05 0.0782234
3255.86 0.0778267
3260.66 0.0774317
3265.47 0.0770384
3270.27 0.0766468
3275.08 0.0762568
3279.88 0.0758686
3284.68 0.0754821
3289.49 0.0750973
3294.29 0.0747142
3299.1 0.0743329
3303.9 0.0739533
3308.71 0.0735755
3313.51 0.0731994
3318.32 0.0728251
3323.12 0.0724525
3327.93 0.0720817
3332.73 0.0717127
3337.54 0.0713454
3342.34 0.0709799
3347.15 0.0706162
3351.95 0.0702543
3356.76 0.0698942
3361.56 0.0695358
3366.37 0.0691793
3371.17 0.0688245
3375.98 0.0684715
3380.78 0.0681203
3385.59 0.0677709
3390.39 0.0674233
3395.2 0.0670775
3400 0.0667334
3404.8 0.0663912
3409.61 0.0660507
3414.41 0.065712
3419.22 0.0653752
3424.02 0.06504
3428.83 0.0647067
3433.63 0.0643752
3438.44 0.0640454
3443.24 0.0637174
3448.05 0.0633912
3452.85 0.0630667
3457.66 0.062744
3462.46 0.0624231
3467.27 0.062104
3472.07 0.0617865
3476.88 0.0614709
3481.68 0.061157
3486.49 0.0608448
3491.29 0.0605344
3496.1 0.0602257
3500.9 0.0599187
3505.71 0.0596135
3510.51 0.05931
3515.32 0.0590082
3520.12 0.0587081
3524.92 0.0584097
3529.73 0.058113
3534.53 0.057818
3539.34 0.0575247
3544.14 0.0572331
3548.95 0.0569432
3553.75 0.0566549
3558.56 0.0563683
3563.36 0.0560834
3568.17 0.0558001
3572.97 0.0555185
3577.78 0.0552385
3582.58 0.0549602
3587.39 0.0546835
3592.19 0.0544084
3597 0.0541349
3601.8 0.053863
3606.61 0.0535928
3611.41 0.0533241
3616.22 0.053057
3621.02 0.0527915
3625.83 0.0525276
3630.63 0.0522653
3635.44 0.0520045
3640.24 0.0517452
3645.05 0.0514876
3649.85 0.0512314
3654.65 0.0509768
3659.46 0.0507238
3664.26 0.0504722
3669.07 0.0502222
3673.87 0.0499736
3678.68 0.0497266
3683.48 0.049481
3688.29 0.049237
3693.09 0.0489944
3697.9 0.0487533
3702.7 0.0485136
3707.51 0.0482754
3712.31 0.0480386
3717.12 0.0478033
3721.92 0.0475694
3726.73 0.047337
3731.53 0.0471059
3736.34 0.0468763
3741.14 0.0466481
3745.95 0.0464212
3750.75 0.0461958
3755.56 0.0459717
3760.36 0.045749
3765.17 0.0455277
3769.97 0.0453077
3774.77 0.045089
3779.58 0.0448718
3784.38 0.0446558
3789.19 0.0444412
3793.99 0.0442279
3798.8 0.0440159
3803.6 0.0438052
3808.41 0.0435958
3813.21 0.0433877
3818.02 0.0431808
3822.82 0.0429753
3827.63 0.042771
3832.43 0.042568
3837.24 0.0423662
3842.04 0.0421657
3846.85 0.0419664
3851.65 0.0417683
3856.46 0.0415715
3861.26 0.0413759
3866.07 0.0411814
3870.87 0.0409882
3875.68 0.0407962
3880.48 0.0406054
3885.29 0.0404157
3890.09 0.0402272
3894.89 0.0400399
3899.7 0.0398538
3904.5 0.0396687
3909.31 0.0394849
3914.11 0.0393022
3918.92 0.0391206
3923.72 0.0389401
3928.53 0.0387607
3933.33 0.0385825
3938.14 0.0384053
3942.94 0.0382292
3947.75 0.0380543
3952.55 0.0378804
3957.36 0.0377076
3962.16 0.0375358
3966.97 0.0373651
3971.77 0.0371955
3976.58 0.0370269
3981.38 0.0368594
3986.19 0.0366929
3990.99 0.0365274
3995.8 0.0363629
4000.6 0.0361994
4005.41 0.036037
4010.21 0.0358756
4015.02 0.0357151
4019.82 0.0355556
4024.62 0.0353972
4029.43 0.0352397
4034.23 0.0350831
4039.04 0.0349275
4043.84 0.0347729
4048.65 0.0346193
4053.45 0.0344665
4058.26 0.0343147
4063.06 0.0341639
4067.87 0.034014
4072.67 0.0338649
4077.48 0.0337168
4082.28 0.0335697
4087.09 0.0334234
4091.89 0.033278
4096.7 0.0331335
4101.5 0.0329898
4106.31 0.0328471
4111.11 0.0327052
4115.92 0.0325642
4120.72 0.0324241
4125.53 0.0322848
4130.33 0.0321463
4135.14 0.0320087
4139.94 0.0318719
4144.74 0.031736
4149.55 0.0316009
4154.35 0.0314666
4159.16 0.0313331
4163.96 0.0312005
4168.77 0.0310686
4173.57 0.0309376
4178.38 0.0308073
4183.18 0.0306778
4187.99 0.0305491
4192.79 0.0304212
4197.6 0.030294
4202.4 0.0301677
4207.21 0.030042
4212.01 0.0299172
4216.82 0.0297931
4221.62 0.0296697
4226.43 0.0295471
4231.23 0.0294252
4236.04 0.0293041
4240.84 0.0291836
4245.65 0.0290639
4250.45 0.0289449
4255.26 0.0288266
4260.06 0.0287091
4264.86 0.0285922
4269.67 0.028476
4274.47 0.0283606
4279.28 0.0282458
4284.08 0.0281317
4288.89 0.0280182
4293.69 0.0279055
4298.5 0.0277934
4303.3 0.027682
4308.11 0.0275712
4312.91 0.0274611
4317.72 0.0273517
4322.52 0.0272429
4327.33 0.0271347
4332.13 0.0270272
4336.94 0.0269203
4341.74 0.026814
4346.55 0.0267084
4351.35 0.0266034
4356.16 0.026499
4360.96 0.0263952
4365.77 0.026292
4370.57 0.0261894
4375.38 0.0260875
4380.18 0.0259861
4384.98 0.0258853
4389.79 0.0257851
4394.59 0.0256855
4399.4 0.0255864
4404.2 0.025488
4409.01 0.0253901
4413.81 0.0252928
4418.62 0.025196
4423.42 0.0250998
4428.23 0.0250042
4433.03 0.0249091
4437.84 0.0248146
4442.64 0.0247206
4447.45 0.0246272
4452.25 0.0245343
4457.06 0.0244419
4461.86 0.02435
4466.67 0.0242587
4471.47 0.0241679
4476.28 0.0240777
4481.08 0.0239879
4485.89 0.0238987
4490.69 0.0238099
4495.5 0.0237217
4500.3 0.023634
4505.11 0.0235467
4509.91 0.02346
4514.71 0.0233738
4519.52 0.023288
4524.32 0.0232028
4529.13 0.023118
4533.93 0.0230337
4538.74 0.0229499
4543.54 0.0228665
4548.35 0.0227836
4553.15 0.0227012
4557.96 0.0226193
4562.76 0.0225378
4567.57 0.0224567
4572.37 0.0223761
4577.18 0.022296
4581.98 0.0222163
4586.79 0.0221371
4591.59 0.0220583
4596.4 0.0219799
4601.2 0.021902
4606.01 0.0218245
4610.81 0.0217475
4615.62 0.0216708
4620.42 0.0215946
4625.23 0.0215188
4630.03 0.0214435
4634.83 0.0213685
4639.64 0.021294
4644.44 0.0212199
4649.25 0.0211461
4654.05 0.0210728
4658.86 0.0209999
4663.66 0.0209274
4668.47 0.0208553
4673.27 0.0207835
4678.08 0.0207122
4682.88 0.0206413
4687.69 0.0205707
4692.49 0.0205005
4697.3 0.0204307
4702.1 0.0203613
4706.91 0.0202923
4711.71 0.0202236
4716.52 0.0201553
4721.32 0.0200874
4726.13 0.0200198
4730.93 0.0199526
4735.74 0.0198858
4740.54 0.0198193
4745.35 0.0197532
4750.15 0.0196875
4754.95 0.019622
4759.76 0.019557
4764.56 0.0194923
4769.37 0.0194279
4774.17 0.0193639
4778.98 0.0193002
4783.78 0.0192368
4788.59 0.0191738
4793.39 0.0191111
4798.2 0.0190488
4803 0.0189868
4807.81 0.0189251
4812.61 0.0188637
4817.42 0.0188026
4822.22 0.0187419
4827.03 0.0186815
4831.83 0.0186214
4836.64 0.0185617
4841.44 0.0185022
4846.25 0.018443
4851.05 0.0183842
4855.86 0.0183257
4860.66 0.0182674
4865.47 0.0182095
4870.27 0.0181519
4875.08 0.0180945
4879.88 0.0180375
4884.68 0.0179808
4889.49 0.0179243
4894.29 0.0178682
4899.1 0.0178123
4903.9 0.0177567
4908.71 0.0177014
4913.51 0.0176464
4918.32 0.0175917
4923.12 0.0175372
4927.93 0.0174831
4932.73 0.0174292
4937.54 0.0173755
4942.34 0.0173222
4947.15 0.0172691
4951.95 0.0172163
4956.76 0.0171638
4961.56 0.0171115
4966.37 0.0170595
4971.17 0.0170077
4975.98 0.0169562
4980.78 0.016905
4985.59 0.016854
4990.39 0.0168033
4995.2 0.0167528
5000 0.0167026
