0 4.13811e-05
3.003 4.92852e-05
6.00601 5.78693e-05
9.00901 6.69797e-05
12.012 7.64506e-05
15.015 8.61078e-05
18.018 9.5772e-05
21.021 0.000105262
24.024 0.000114398
27.027 0.000123007
30.03 0.000130923
33.033 0.000137992
36.036 0.000144076
39.039 0.000149056
42.042 0.00015283
45.045 0.000155322
48.048 0.000156478
51.0511 0.000156269
54.0541 0.000154695
57.0571 0.000151777
60.0601 0.000147568
63.0631 0.000142143
66.0661 0.0001356
69.0691 0.000128062
72.0721 0.000119672
75.0751 0.000110588
78.0781 0.000100986
81.0811 9.1051e-05
84.0841 8.09786e-05
87.0871 7.09676e-05
90.0901 6.12183e-05
93.0931 5.1928e-05
96.0961 4.32879e-05
99.0991 3.5479e-05
102.102 2.8669e-05
105.105 2.3009e-05
108.108 1.86305e-05
111.111 1.56428e-05
114.114 1.41313e-05
117.117 1.41552e-05
120.12 1.57465e-05
123.123 1.8909e-05
126.126 2.36184e-05
129.129 2.98221e-05
132.132 3.74404e-05
135.135 4.63671e-05
138.138 5.64718e-05
141.141 6.76018e-05
144.144 7.95847e-05
147.147 9.22311e-05
150.15 0.000105338
153.153 0.000118693
156.156 0.000132077
159.159 0.000145266
162.162 0.000158042
165.165 0.000170187
168.168 0.000181496
171.171 0.000191774
174.174 0.000200844
177.177 0.000208546
180.18 0.000214743
183.183 0.000219324
186.186 0.000222203
189.189 0.000223323
192.192 0.000222656
195.195 0.000220205
198.198 0.000216004
201.201 0.000210114
204.204 0.000202629
207.207 0.000193668
210.21 0.000183379
213.213 0.000171931
216.216 0.000159516
219.219 0.000146343
222.222 0.000132637
225.225 0.000118635
228.228 0.00010458
231.231 9.07207e-05
234.234 7.73034e-05
237.237 6.45719e-05
240.24 5.27618e-05
243.243 4.20966e-05
246.246 3.27847e-05
249.249 2.50156e-05
252.252 1.89569e-05
255.255 1.4752e-05
258.258 1.2517e-05
261.261 1.23394e-05
264.264 1.42761e-05
267.267 1.83529e-05
270.27 2.45632e-05
273.273 3.28688e-05
276.276 4.31996e-05
279.279 5.54547e-05
282.282 6.95041e-05
285.285 8.51899e-05
288.288 0.000102329
291.291 0.000120715
294.294 0.000140122
297.297 0.000160308
300.3 0.000181016
303.303 0.000201981
306.306 0.00022293
309.309 0.000243592
312.312 0.000263692
315.315 0.000282967
318.318 0.000301157
321.321 0.00031802
324.324 0.000333328
327.327 0.000346872
330.33 0.000358469
333.333 0.000367956
336.336 0.000375201
339.339 0.0003801
342.342 0.000382579
345.345 0.000382598
348.348 0.000380145
351.351 0.000375246
354.354 0.000367954
357.357 0.000358357
360.36 0.000346573
363.363 0.000332748
366.366 0.000317057
369.369 0.0002997
372.372 0.000280899
375.375 0.000260898
378.378 0.000239956
381.381 0.000218349
384.384 0.000196362
387.387 0.00017429
390.39 0.00015243
393.393 0.000131083
396.396 0.000110546
399.399 9.11104e-05
402.402 7.30605e-05
405.405 5.66679e-05
408.408 4.21903e-05
411.411 2.98682e-05
414.414 1.99229e-05
417.417 1.25539e-05
420.42 7.93772e-06
423.423 6.22568e-06
426.426 7.54302e-06
429.429 1.19878e-05
432.432 1.96304e-05
435.435 3.0513e-05
438.438 4.46495e-05
441.441 6.20262e-05
444.444 8.26017e-05
447.447 0.000106308
450.45 0.000133053
453.453 0.000162718
456.456 0.000195163
459.459 0.000230227
462.462 0.00026773
465.465 0.000307474
468.468 0.000349246
471.471 0.000392821
474.474 0.000437962
477.477 0.000484424
480.48 0.000531956
483.483 0.000580303
486.486 0.000629208
489.489 0.000678413
492.492 0.000727665
495.495 0.000776714
498.498 0.000825315
501.502 0.000873232
504.505 0.000920239
507.508 0.000966121
510.511 0.00101067
513.514 0.0010537
516.517 0.00109504
519.52 0.00113452
522.523 0.00117199
525.526 0.00120733
528.529 0.00124043
531.532 0.00127118
534.535 0.00129951
537.538 0.00132536
540.541 0.00134867
543.544 0.00136941
546.547 0.00138757
549.55 0.00140315
552.553 0.00141616
555.556 0.00142661
558.559 0.00143456
561.562 0.00144005
564.565 0.00144314
567.568 0.00144391
570.571 0.00144242
573.574 0.00143877
576.577 0.00143305
579.58 0.00142536
582.583 0.0014158
585.586 0.00140449
588.589 0.00139154
591.592 0.00137705
594.595 0.00136114
597.598 0.00134394
600.601 0.00132555
603.604 0.00130609
606.607 0.00128567
609.61 0.0012644
612.613 0.0012424
615.616 0.00121976
618.619 0.0011966
621.622 0.00117299
624.625 0.00114905
627.628 0.00112485
630.631 0.00110049
633.634 0.00107603
636.637 0.00105156
639.64 0.00102714
642.643 0.00100283
645.646 0.000978699
648.649 0.000954793
651.652 0.00093116
654.655 0.000907846
657.658 0.000884886
660.661 0.000862316
663.664 0.000840164
666.667 0.000818455
669.67 0.00079721
672.673 0.000776447
675.676 0.000756179
678.679 0.000736417
681.682 0.000717168
684.685 0.000698436
687.688 0.000680225
690.691 0.000662534
693.694 0.00064536
696.697 0.000628701
699.7 0.00061255
702.703 0.000596902
705.706 0.000581747
708.709 0.000567078
711.712 0.000552885
714.715 0.000539157
717.718 0.000525884
720.721 0.000513055
723.724 0.000500658
726.727 0.000488683
729.73 0.000477117
732.733 0.000465949
735.736 0.000455168
738.739 0.000444762
741.742 0.000434721
744.745 0.000425033
747.748 0.000415687
750.751 0.000406673
753.754 0.00039798
756.757 0.000389598
759.76 0.000381516
762.763 0.000373726
765.766 0.000366217
768.769 0.000358979
771.772 0.000352003
774.775 0.000345279
777.778 0.000338799
780.781 0.000332552
783.784 0.000326531
786.787 0.000320725
789.79 0.000315127
792.793 0.000309727
795.796 0.000304516
798.799 0.000299487
801.802 0.000294631
804.805 0.00028994
807.808 0.000285406
810.811 0.000281021
813.814 0.000276778
816.817 0.000272669
819.82 0.000268689
822.823 0.000264829
825.826 0.000261084
828.829 0.000257448
831.832 0.000253916
834.835 0.000250482
837.838 0.000247142
840.841 0.000243891
843.844 0.000240724
846.847 0.00023764
849.85 0.000234633
852.853 0.000231702
855.856 0.000228844
858.859 0.000226057
861.862 0.000223337
864.865 0.000220685
867.868 0.000218098
870.871 0.000215576
873.874 0.000213116
876.877 0.000210718
879.88 0.000208382
882.883 0.000206106
885.886 0.000203889
888.889 0.000201731
891.892 0.000199632
894.895 0.000197589
897.898 0.000195602
900.901 0.000193671
903.904 0.000191793
906.907 0.000189968
909.91 0.000188195
912.913 0.000186471
915.916 0.000184796
918.919 0.000183166
921.922 0.000181582
924.925 0.000180039
927.928 0.000178538
930.931 0.000177075
933.934 0.000175648
936.937 0.000174256
939.94 0.000172896
942.943 0.000171567
945.946 0.000170265
948.949 0.00016899
951.952 0.00016774
954.955 0.000166513
957.958 0.000165307
960.961 0.000164122
963.964 0.000162956
966.967 0.000161808
969.97 0.000160678
972.973 0.000159565
975.976 0.000158469
978.979 0.000157389
981.982 0.000156325
984.985 0.000155279
987.988 0.000154249
990.991 0.000153237
993.994 0.000152243
996.997 0.000151268
1000 0.000150312
1003 0.000149375
1006.01 0.00014846
1009.01 0.000147566
1012.01 0.000146694
1015.02 0.000145845
1018.02 0.000145019
1021.02 0.000144216
1024.02 0.000143437
1027.03 0.000142682
1030.03 0.000141951
1033.03 0.000141243
1036.04 0.000140559
1039.04 0.000139898
1042.04 0.00013926
1045.05 0.000138643
1048.05 0.000138047
1051.05 0.000137471
1054.05 0.000136914
1057.06 0.000136376
1060.06 0.000135854
1063.06 0.000135347
1066.07 0.000134856
1069.07 0.000134378
1072.07 0.000133912
1075.08 0.000133459
1078.08 0.000133015
1081.08 0.000132582
1084.08 0.000132159
1087.09 0.000131744
1090.09 0.000131338
1093.09 0.00013094
1096.1 0.00013055
1099.1 0.000130169
1102.1 0.000129797
1105.11 0.000129434
1108.11 0.000129081
1111.11 0.000128739
1114.11 0.000128408
1117.12 0.00012809
1120.12 0.000127786
1123.12 0.000127496
1126.13 0.000127222
1129.13 0.000126966
1132.13 0.000126727
1135.14 0.000126508
1138.14 0.00012631
1141.14 0.000126134
1144.14 0.00012598
1147.15 0.00012585
1150.15 0.000125744
1153.15 0.000125664
1156.16 0.000125609
1159.16 0.000125581
1162.16 0.000125579
1165.17 0.000125604
1168.17 0.000125656
1171.17 0.000125734
1174.17 0.00012584
1177.18 0.000125972
1180.18 0.000126131
1183.18 0.000126316
1186.19 0.000126527
1189.19 0.000126763
1192.19 0.000127024
1195.2 0.000127311
1198.2 0.000127621
1201.2 0.000127956
1204.2 0.000128316
1207.21 0.000128699
1210.21 0.000129107
1213.21 0.000129538
1216.22 0.000129995
1219.22 0.000130475
1222.22 0.000130981
1225.23 0.000131513
1228.23 0.00013207
1231.23 0.000132655
1234.23 0.000133266
1237.24 0.000133905
1240.24 0.000134573
1243.24 0.00013527
1246.25 0.000135996
1249.25 0.000136751
1252.25 0.000137537
1255.26 0.000138352
1258.26 0.000139198
1261.26 0.000140072
1264.26 0.000140974
1267.27 0.000141903
1270.27 0.000142858
1273.27 0.000143837
1276.28 0.000144836
1279.28 0.000145854
1282.28 0.000146887
1285.29 0.00014793
1288.29 0.00014898
1291.29 0.000150032
1294.29 0.00015108
1297.3 0.000152118
1300.3 0.00015314
1303.3 0.000154139
1306.31 0.000155106
1309.31 0.000156035
1312.31 0.000156916
1315.32 0.000157741
1318.32 0.0001585
1321.32 0.000159184
1324.32 0.000159784
1327.33 0.000160288
1330.33 0.000160687
1333.33 0.000160971
1336.34 0.000161129
1339.34 0.000161151
1342.34 0.000161028
1345.35 0.000160749
1348.35 0.000160304
1351.35 0.000159685
1354.35 0.000158883
1357.36 0.00015789
1360.36 0.000156698
1363.36 0.000155301
1366.37 0.000153694
1369.37 0.00015187
1372.37 0.000149828
1375.38 0.000147563
1378.38 0.000145075
1381.38 0.000142364
1384.38 0.00013943
1387.39 0.000136277
1390.39 0.000132908
1393.39 0.00012933
1396.4 0.000125549
1399.4 0.000121575
1402.4 0.000117419
1405.41 0.000113092
1408.41 0.000108609
1411.41 0.000103986
1414.41 9.92386e-05
1417.42 9.43872e-05
1420.42 8.94517e-05
1423.42 8.44539e-05
1426.43 7.9417e-05
1429.43 7.43653e-05
1432.43 6.93243e-05
1435.44 6.43203e-05
1438.44 5.93805e-05
1441.44 5.45326e-05
1444.44 4.98047e-05
1447.45 4.52249e-05
1450.45 4.08215e-05
1453.45 3.66223e-05
1456.46 3.26544e-05
1459.46 2.89443e-05
1462.46 2.55174e-05
1465.47 2.23974e-05
1468.47 1.96066e-05
1471.47 1.71654e-05
1474.47 1.5092e-05
1477.48 1.34021e-05
1480.48 1.21087e-05
1483.48 1.12221e-05
1486.49 1.07493e-05
1489.49 1.06941e-05
1492.49 1.10571e-05
1495.5 1.1835e-05
1498.5 1.30211e-05
1501.5 1.46049e-05
1504.5 1.65725e-05
1507.51 1.89058e-05
1510.51 2.15836e-05
1513.51 2.45809e-05
1516.52 2.78695e-05
1519.52 3.14179e-05
1522.52 3.51917e-05
1525.53 3.9154e-05
1528.53 4.32655e-05
1531.53 4.74847e-05
1534.53 5.17687e-05
1537.54 5.60735e-05
1540.54 6.0354e-05
1543.54 6.45652e-05
1546.55 6.8662e-05
1549.55 7.26003e-05
1552.55 7.63367e-05
1555.56 7.98301e-05
1558.56 8.3041e-05
1561.56 8.59329e-05
1564.56 8.84723e-05
1567.57 9.06292e-05
1570.57 9.23778e-05
1573.57 9.36961e-05
1576.58 9.45673e-05
1579.58 9.49791e-05
1582.58 9.49245e-05
1585.59 9.44017e-05
1588.59 9.34144e-05
1591.59 9.19714e-05
1594.59 9.00872e-05
1597.6 8.77814e-05
1600.6 8.50787e-05
1603.6 8.20087e-05
1606.61 7.86056e-05
1609.61 7.49077e-05
1612.61 7.09572e-05
1615.62 6.67993e-05
1618.62 6.24822e-05
1621.62 5.80562e-05
1624.62 5.35733e-05
1627.63 4.90863e-05
1630.63 4.46481e-05
1633.63 4.03115e-05
1636.64 3.61281e-05
1639.64 3.21477e-05
1642.64 2.84177e-05
1645.65 2.49823e-05
1648.65 2.18823e-05
1651.65 1.91542e-05
1654.65 1.68296e-05
1657.66 1.49351e-05
1660.66 1.34917e-05
1663.66 1.25145e-05
1666.67 1.20125e-05
1669.67 1.19884e-05
1672.67 1.24384e-05
1675.68 1.33528e-05
1678.68 1.47151e-05
1681.68 1.65032e-05
1684.68 1.86891e-05
1687.69 2.12393e-05
1690.69 2.41154e-05
1693.69 2.72746e-05
1696.7 3.06701e-05
1699.7 3.42519e-05
1702.7 3.79675e-05
1705.71 4.17625e-05
1708.71 4.55815e-05
1711.71 4.93686e-05
1714.71 5.30687e-05
1717.72 5.66277e-05
1720.72 5.99938e-05
1723.72 6.31179e-05
1726.73 6.59542e-05
1729.73 6.84616e-05
1732.73 7.06032e-05
1735.74 7.23478e-05
1738.74 7.367e-05
1741.74 7.45502e-05
1744.74 7.49758e-05
1747.75 7.49404e-05
1750.75 7.44446e-05
1753.75 7.34957e-05
1756.76 7.21078e-05
1759.76 7.03011e-05
1762.76 6.81024e-05
1765.77 6.5544e-05
1768.77 6.26635e-05
1771.77 5.95035e-05
1774.77 5.61103e-05
1777.78 5.25338e-05
1780.78 4.88267e-05
1783.78 4.50433e-05
1786.79 4.12391e-05
1789.79 3.74697e-05
1792.79 3.379e-05
1795.8 3.02537e-05
1798.8 2.69117e-05
1801.8 2.38122e-05
1804.8 2.09995e-05
1807.81 1.85132e-05
1810.81 1.6388e-05
1813.81 1.46528e-05
1816.82 1.33304e-05
1819.82 1.24373e-05
1822.82 1.1983e-05
1825.83 1.19706e-05
1828.83 1.23959e-05
1831.83 1.32481e-05
1834.83 1.45098e-05
1837.84 1.6157e-05
1840.84 1.81599e-05
1843.84 2.04834e-05
1846.85 2.30871e-05
1849.85 2.59265e-05
1852.85 2.89536e-05
1855.86 3.21174e-05
1858.86 3.53652e-05
1861.86 3.86428e-05
1864.86 4.18961e-05
1867.87 4.50712e-05
1870.87 4.8116e-05
1873.87 5.09805e-05
1876.88 5.36179e-05
1879.88 5.59851e-05
1882.88 5.80437e-05
1885.89 5.97602e-05
1888.89 6.1107e-05
1891.89 6.20625e-05
1894.89 6.26115e-05
1897.9 6.27457e-05
1900.9 6.24633e-05
1903.9 6.17695e-05
1906.91 6.06761e-05
1909.91 5.92015e-05
1912.91 5.73702e-05
1915.92 5.52125e-05
1918.92 5.27641e-05
1921.92 5.0065e-05
1924.92 4.71596e-05
1927.93 4.40952e-05
1930.93 4.09217e-05
1933.93 3.76907e-05
1936.94 3.44543e-05
1939.94 3.12647e-05
1942.94 2.81731e-05
1945.95 2.52288e-05
1948.95 2.24785e-05
1951.95 1.99654e-05
1954.95 1.77286e-05
1957.96 1.58026e-05
1960.96 1.42163e-05
1963.96 1.29929e-05
1966.97 1.21495e-05
1969.97 1.16965e-05
1972.97 1.16381e-05
1975.98 1.19714e-05
1978.98 1.26873e-05
1981.98 1.37699e-05
1984.98 1.51976e-05
1987.99 1.69426e-05
1990.99 1.89722e-05
1993.99 2.12489e-05
1997 2.37312e-05
2000 2.63741e-05
2003 2.91304e-05
2006.01 3.19509e-05
2009.01 3.47857e-05
2012.01 3.75847e-05
2015.02 4.02989e-05
2018.02 4.28807e-05
2021.02 4.52851e-05
2024.02 4.74704e-05
2027.03 4.93988e-05
2030.03 5.1037e-05
2033.03 5.2357e-05
2036.04 5.33364e-05
2039.04 5.39586e-05
2042.04 5.42133e-05
2045.05 5.40969e-05
2048.05 5.36117e-05
2051.05 5.27669e-05
2054.05 5.15776e-05
2057.06 5.00647e-05
2060.06 4.82551e-05
2063.06 4.61802e-05
2066.07 4.38762e-05
2069.07 4.13831e-05
2072.07 3.87439e-05
2075.08 3.60041e-05
2078.08 3.32105e-05
2081.08 3.04111e-05
2084.08 2.76533e-05
2087.09 2.49838e-05
2090.09 2.24477e-05
2093.09 2.00873e-05
2096.1 1.79417e-05
2099.1 1.60462e-05
2102.1 1.44314e-05
2105.11 1.3123e-05
2108.11 1.2141e-05
2111.11 1.14998e-05
2114.11 1.12076e-05
2117.12 1.12664e-05
2120.12 1.16722e-05
2123.12 1.24147e-05
2126.13 1.34777e-05
2129.13 1.48397e-05
2132.13 1.64736e-05
2135.14 1.8348e-05
2138.14 2.04272e-05
2141.14 2.2672e-05
2144.14 2.50406e-05
2147.15 2.7489e-05
2150.15 2.99722e-05
2153.15 3.24447e-05
2156.16 3.48613e-05
2159.16 3.71782e-05
2162.16 3.93535e-05
2165.17 4.13479e-05
2168.17 4.31256e-05
2171.17 4.46548e-05
2174.17 4.59085e-05
2177.18 4.68643e-05
2180.18 4.75056e-05
2183.18 4.78214e-05
2186.19 4.78066e-05
2189.19 4.74618e-05
2192.19 4.67938e-05
2195.2 4.58151e-05
2198.2 4.45436e-05
2201.2 4.30025e-05
2204.2 4.12197e-05
2207.21 3.92272e-05
2210.21 3.70609e-05
2213.21 3.47593e-05
2216.22 3.23634e-05
2219.22 2.99158e-05
2222.22 2.74595e-05
2225.23 2.50378e-05
2228.23 2.26931e-05
2231.23 2.04661e-05
2234.23 1.83953e-05
2237.24 1.65162e-05
2240.24 1.48607e-05
2243.24 1.34565e-05
2246.25 1.23267e-05
2249.25 1.14892e-05
2252.25 1.09567e-05
2255.26 1.07362e-05
2258.26 1.08291e-05
2261.26 1.12312e-05
2264.26 1.19326e-05
2267.27 1.29181e-05
2270.27 1.41672e-05
2273.27 1.56552e-05
2276.28 1.73527e-05
2279.28 1.92268e-05
2282.28 2.12417e-05
2285.29 2.33591e-05
2288.29 2.55388e-05
2291.29 2.774e-05
2294.29 2.99216e-05
2297.3 3.20428e-05
2300.3 3.40645e-05
2303.3 3.59492e-05
2306.31 3.76623e-05
2309.31 3.91724e-05
2312.31 4.0452e-05
2315.32 4.14779e-05
2318.32 4.22315e-05
2321.32 4.26996e-05
2324.32 4.2874e-05
2327.33 4.27519e-05
2330.33 4.2336e-05
2333.33 4.16343e-05
2336.34 4.06602e-05
2339.34 3.94317e-05
2342.34 3.79717e-05
2345.35 3.6307e-05
2348.35 3.44681e-05
2351.35 3.24885e-05
2354.35 3.04043e-05
2357.36 2.82533e-05
2360.36 2.60741e-05
2363.36 2.39061e-05
2366.37 2.17879e-05
2369.37 1.97572e-05
2372.37 1.78501e-05
2375.38 1.60999e-05
2378.38 1.45372e-05
2381.38 1.31889e-05
2384.38 1.20779e-05
2387.39 1.12224e-05
2390.39 1.06362e-05
2393.39 1.03279e-05
2396.4 1.03009e-05
2399.4 1.05536e-05
2402.4 1.1079e-05
2405.41 1.18654e-05
2408.41 1.28962e-05
2411.41 1.41503e-05
2414.41 1.56028e-05
2417.42 1.72252e-05
2420.42 1.89858e-05
2423.42 2.08507e-05
2426.43 2.27842e-05
2429.43 2.47495e-05
2432.43 2.67093e-05
2435.44 2.86266e-05
2438.44 3.04655e-05
2441.44 3.21914e-05
2444.44 3.37723e-05
2447.45 3.51787e-05
2450.45 3.63847e-05
2453.45 3.7368e-05
2456.46 3.81107e-05
2459.46 3.85993e-05
2462.46 3.88252e-05
2465.47 3.87846e-05
2468.47 3.84785e-05
2471.47 3.79131e-05
2474.47 3.70992e-05
2477.48 3.60522e-05
2480.48 3.47916e-05
2483.48 3.33411e-05
2486.49 3.17274e-05
2489.49 2.99804e-05
2492.49 2.81323e-05
2495.5 2.6217e-05
2498.5 2.42694e-05
2501.5 2.2325e-05
2504.5 2.04189e-05
2507.51 1.85857e-05
2510.51 1.68581e-05
2513.51 1.52669e-05
2516.52 1.38402e-05
2519.52 1.2603e-05
2522.52 1.15766e-05
2525.53 1.07784e-05
2528.53 1.02212e-05
2531.53 9.91372e-06
2534.53 9.8597e-06
2537.54 1.00583e-05
2540.54 1.05039e-05
2543.54 1.11864e-05
2546.55 1.20913e-05
2549.55 1.32001e-05
2552.55 1.44905e-05
2555.56 1.59371e-05
2558.56 1.75115e-05
2561.56 1.91832e-05
2564.56 2.09199e-05
2567.57 2.26884e-05
2570.57 2.44548e-05
2573.57 2.61858e-05
2576.58 2.78484e-05
2579.58 2.94115e-05
2582.58 3.08455e-05
2585.59 3.21238e-05
2588.59 3.32225e-05
2591.59 3.41212e-05
2594.59 3.48034e-05
2597.6 3.52566e-05
2600.6 3.54727e-05
2603.6 3.5448e-05
2606.61 3.51833e-05
2609.61 3.46838e-05
2612.61 3.39593e-05
2615.62 3.30234e-05
2618.62 3.18938e-05
2621.62 3.05916e-05
2624.62 2.91412e-05
2627.63 2.75696e-05
2630.63 2.59057e-05
2633.63 2.41805e-05
2636.64 2.24254e-05
2639.64 2.06728e-05
2642.64 1.89545e-05
2645.65 1.73018e-05
2648.65 1.57444e-05
2651.65 1.43104e-05
2654.65 1.30252e-05
2657.66 1.19115e-05
2660.66 1.09886e-05
2663.66 1.02723e-05
2666.67 9.77445e-06
2669.67 9.50264e-06
2672.67 9.46037e-06
2675.68 9.64679e-06
2678.68 1.00568e-05
2681.68 1.06812e-05
2684.68 1.15068e-05
2687.69 1.25166e-05
2690.69 1.36905e-05
2693.69 1.50051e-05
2696.7 1.64349e-05
2699.7 1.79519e-05
2702.7 1.95269e-05
2705.71 2.11297e-05
2708.71 2.27295e-05
2711.71 2.4296e-05
2714.71 2.57995e-05
2717.72 2.72114e-05
2720.72 2.85054e-05
2723.72 2.9657e-05
2726.73 3.06448e-05
2729.73 3.14505e-05
2732.73 3.20591e-05
2735.74 3.24594e-05
2738.74 3.26444e-05
2741.74 3.26107e-05
2744.74 3.23594e-05
2747.75 3.18954e-05
2750.75 3.12276e-05
2753.75 3.03688e-05
2756.76 2.93352e-05
2759.76 2.81461e-05
2762.76 2.68238e-05
2765.77 2.5393e-05
2768.77 2.38801e-05
2771.77 2.23132e-05
2774.77 2.07211e-05
2777.78 1.91331e-05
2780.78 1.75782e-05
2783.78 1.60846e-05
2786.79 1.46795e-05
2789.79 1.33881e-05
2792.79 1.22335e-05
2795.8 1.1236e-05
2798.8 1.04132e-05
2801.8 9.77892e-06
2804.8 9.34385e-06
2807.81 9.11467e-06
2810.81 9.09425e-06
2813.81 9.28157e-06
2816.82 9.67173e-06
2819.82 1.02561e-05
2822.82 1.10223e-05
2825.83 1.19549e-05
2828.83 1.30352e-05
2831.83 1.42419e-05
2834.83 1.55514e-05
2837.84 1.69383e-05
2840.84 1.83758e-05
2843.84 1.98365e-05
2846.85 2.12923e-05
2849.85 2.27157e-05
2852.85 2.40796e-05
2855.86 2.53582e-05
2858.86 2.65276e-05
2861.86 2.75657e-05
2864.86 2.84532e-05
2867.87 2.91737e-05
2870.87 2.97137e-05
2873.87 3.00635e-05
2876.88 3.02166e-05
2879.88 3.01705e-05
2882.88 2.99263e-05
2885.89 2.94888e-05
2888.89 2.88665e-05
2891.89 2.8071e-05
2894.89 2.71175e-05
2897.9 2.60238e-05
2900.9 2.48103e-05
2903.9 2.34996e-05
2906.91 2.21161e-05
2909.91 2.06853e-05
2912.91 1.92335e-05
2915.92 1.77874e-05
2918.92 1.63735e-05
2921.92 1.50174e-05
2924.92 1.37437e-05
2927.93 1.25754e-05
2930.93 1.15332e-05
2933.93 1.06357e-05
2936.94 9.89855e-06
2939.94 9.33428e-06
2942.94 8.95229e-06
2945.95 8.75849e-06
2948.95 8.75527e-06
2951.95 8.94145e-06
2954.95 9.31233e-06
2957.96 9.85982e-06
2960.96 1.05725e-05
2963.96 1.1436e-05
2966.97 1.24332e-05
2969.97 1.35444e-05
2972.97 1.4748e-05
2975.98 1.60209e-05
2978.98 1.73384e-05
2981.98 1.86755e-05
2984.98 2.00066e-05
2987.99 2.13065e-05
2990.99 2.25506e-05
2993.99 2.37155e-05
2997 2.47794e-05
3000 2.57223e-05
