-0.02 0.000202044 0.000223818
-0.01996 0.000209463 0.000209829
-0.0199199 0.000213814 0.000193781
-0.0198799 0.00021495 0.000176194
-0.0198398 0.000212833 0.000157636
-0.0197998 0.000207529 0.000138711
-0.0197598 0.000199213 0.000120034
-0.0197197 0.000188157 0.000102214
-0.0196797 0.000174729 8.58356e-05
-0.0196396 0.000159372 7.14395e-05
-0.0195996 0.000142596 5.9504e-05
-0.0195596 0.000124961 5.04312e-05
-0.0195195 0.000107052 4.45331e-05
-0.0194795 8.94694e-05 4.20225e-05
-0.0194394 7.28019e-05 4.30052e-05
-0.0193994 5.76104e-05 4.74771e-05
-0.0193594 4.44084e-05 5.53237e-05
-0.0193193 3.36458e-05 6.63238e-05
-0.0192793 2.56935e-05 8.01559e-05
-0.0192392 2.08315e-05 9.64088e-05
-0.0191992 1.9239e-05 0.000114594
-0.0191592 2.09893e-05 0.00013416
-0.0191191 2.60463e-05 0.000154512
-0.0190791 3.42664e-05 0.000175028
-0.019039 4.54022e-05 0.000195079
-0.018999 5.9111e-05 0.00021405
-0.018959 7.49655e-05 0.000231357
-0.0189189 9.24679e-05 0.000246466
-0.0188789 0.000111065 0.000258913
-0.0188388 0.000130169 0.000268312
-0.0187988 0.00014917 0.000274373
-0.0187588 0.000167466 0.000276909
-0.0187187 0.00018447 0.000275843
-0.0186787 0.00019964 0.000271206
-0.0186386 0.00021249 0.000263143
-0.0185986 0.000222608 0.000251906
-0.0185586 0.000229669 0.000237842
-0.0185185 0.000233444 0.000221389
-0.0184785 0.000233813 0.000203061
-0.0184384 0.000230759 0.000183427
-0.0183984 0.000224381 0.000163101
-0.0183584 0.000214879 0.000142718
-0.0183183 0.000202556 0.000122918
-0.0182783 0.000187807 0.000104322
-0.0182382 0.000171101 8.75183e-05
-0.0181982 0.000152975 7.30396e-05
-0.0181582 0.000134009 6.13498e-05
-0.0181181 0.000114812 5.28288e-05
-0.0180781 9.60008e-05 4.77602e-05
-0.018038 7.81831e-05 4.63236e-05
-0.017998 6.19348e-05 4.85882e-05
-0.017958 4.77836e-05 5.45109e-05
-0.0179179 3.6192e-05 6.39377e-05
-0.0178779 2.75429e-05 7.66079e-05
-0.0178378 2.2127e-05 9.21622e-05
-0.0177978 2.01339e-05 0.000110153
-0.0177578 2.16459e-05 0.000130059
-0.0177177 2.66354e-05 0.000151299
-0.0176777 3.49657e-05 0.000173251
-0.0176376 4.63955e-05 0.00019527
-0.0175976 6.05856e-05 0.000216709
-0.0175576 7.71104e-05 0.000236934
-0.0175175 9.54705e-05 0.00025535
-0.0174775 0.000115109 0.000271412
-0.0174374 0.000135426 0.000284646
-0.0173974 0.000155803 0.00029466
-0.0173574 0.000175617 0.000301159
-0.0173173 0.00019426 0.000303951
-0.0172773 0.00021116 0.000302954
-0.0172372 0.0002258 0.000298198
-0.0171972 0.00023773 0.000289825
-0.0171572 0.000246583 0.000278086
-0.0171171 0.000252086 0.000263328
-0.0170771 0.000254069 0.000245991
-0.017037 0.000252471 0.000226592
-0.016997 0.000247339 0.000205707
-0.016957 0.000238829 0.000183959
-0.0169169 0.000227201 0.000161996
-0.0168769 0.000212811 0.000140476
-0.0168368 0.000196097 0.000120041
-0.0167968 0.000177572 0.000101305
-0.0167568 0.000157803 8.48339e-05
-0.0167167 0.000137396 7.11261e-05
-0.0166767 0.000116977 6.06017e-05
-0.0166366 9.71726e-05 5.35888e-05
-0.0165966 7.85928e-05 5.03136e-05
-0.0165566 6.18107e-05 5.08945e-05
-0.0165165 4.73457e-05 5.53383e-05
-0.0164765 3.56484e-05 6.354e-05
-0.0164364 2.70863e-05 7.5286e-05
-0.0163964 2.19332e-05 9.026e-05
-0.0163564 2.03612e-05 0.000108052
-0.0163163 2.24348e-05 0.000128172
-0.0162763 2.81099e-05 0.00015006
-0.0162362 3.72345e-05 0.000173107
-0.0161962 4.95537e-05 0.000196668
-0.0161562 6.4717e-05 0.000220084
-0.0161161 8.2289e-05 0.000242698
-0.0160761 0.000101762 0.000263876
-0.016036 0.000122573 0.000283024
-0.015996 0.000144116 0.000299604
-0.015956 0.000165765 0.000313151
-0.0159159 0.000186889 0.000323286
-0.0158759 0.000206874 0.000329725
-0.0158358 0.000225137 0.000332289
-0.0157958 0.000241145 0.000330906
-0.0157558 0.000254431 0.000325618
-0.0157157 0.000264609 0.000316574
-0.0156757 0.000271382 0.00030403
-0.0156356 0.000274552 0.00028834
-0.0155956 0.000274026 0.000269947
-0.0155556 0.000269821 0.000249368
-0.0155155 0.000262056 0.000227184
-0.0154755 0.000250959 0.00020402
-0.0154354 0.000236851 0.000180527
-0.0153954 0.00022014 0.000157369
-0.0153554 0.000201312 0.000135199
-0.0153153 0.000180913 0.000114643
-0.0152753 0.000159535 9.62848e-05
-0.0152352 0.000137796 8.06466e-05
-0.0151952 0.000116328 6.81765e-05
-0.0151552 9.57543e-05 5.92359e-05
-0.0151151 7.66722e-05 5.40897e-05
-0.0150751 5.96373e-05 5.2899e-05
-0.015035 4.51472e-05 5.57171e-05
-0.014995 3.36269e-05 6.24875e-05
-0.014955 2.54176e-05 7.30465e-05
-0.0149149 2.07662e-05 8.7127e-05
-0.0148749 1.98195e-05 0.000104366
-0.0148348 2.26194e-05 0.000124315
-0.0147948 2.91019e-05 0.000146453
-0.0147548 3.90997e-05 0.000170196
-0.0147147 5.23462e-05 0.000194921
-0.0146747 6.84839e-05 0.000219975
-0.0146346 8.70741e-05 0.000244698
-0.0145946 0.000107609 0.000268437
-0.0145546 0.000129528 0.000290565
-0.0145145 0.000152229 0.0003105
-0.0144745 0.000175091 0.000327715
-0.0144344 0.000197487 0.000341759
-0.0143944 0.000218803 0.000352261
-0.0143544 0.000238455 0.000358947
-0.0143143 0.000255905 0.000361643
-0.0142743 0.000270676 0.000360279
-0.0142342 0.000282363 0.000354895
-0.0141942 0.000290648 0.000345633
-0.0141542 0.000295306 0.000332741
-0.0141141 0.000296209 0.00031656
-0.0140741 0.000293335 0.000297516
-0.014034 0.000286761 0.000276113
-0.013994 0.000276669 0.000252914
-0.013954 0.000263333 0.00022853
-0.0139139 0.000247117 0.000203602
-0.0138739 0.000228461 0.000178787
-0.0138338 0.000207873 0.000154736
-0.0137938 0.000185912 0.000132083
-0.0137538 0.000163172 0.000111425
-0.0137137 0.000140271 9.33064e-05
-0.0136737 0.000117829 7.82088e-05
-0.0136336 9.64533e-05 6.65345e-05
-0.0135936 7.67239e-05 5.85986e-05
-0.0135536 5.91759e-05 5.46208e-05
-0.0135135 4.42862e-05 5.47198e-05
-0.0134735 3.24612e-05 5.89106e-05
-0.0134334 2.40257e-05 6.71044e-05
-0.0133934 1.92152e-05 7.91109e-05
-0.0133534 1.81689e-05 9.46436e-05
-0.0133133 2.09273e-05 0.000113327
-0.0132733 2.74306e-05 0.000134706
-0.0132332 3.75212e-05 0.000158259
-0.0131932 5.09475e-05 0.000183409
-0.0131532 6.73709e-05 0.000209539
-0.0131131 8.6375e-05 0.000236009
-0.0130731 0.000107477 0.00026217
-0.013033 0.000130138 0.00028738
-0.012993 0.000153783 0.000311023
-0.012953 0.000177808 0.00033252
-0.0129129 0.000201601 0.000351346
-0.0128729 0.000224557 0.000367043
-0.0128328 0.000246093 0.000379229
-0.0127928 0.000265662 0.00038761
-0.0127528 0.000282768 0.000391982
-0.0127127 0.000296979 0.000392244
-0.0126727 0.000307935 0.000388392
-0.0126326 0.000315362 0.000380522
-0.0125926 0.000319073 0.000368829
-0.0125526 0.000318977 0.000353601
-0.0125125 0.000315078 0.00033521
-0.0124725 0.000307477 0.000314104
-0.0124324 0.000296367 0.000290796
-0.0123924 0.000282029 0.000265855
-0.0123524 0.000264824 0.000239883
-0.0123123 0.000245186 0.00021351
-0.0122723 0.000223608 0.000187375
-0.0122322 0.00020063 0.000162109
-0.0121922 0.000176828 0.000138323
-0.0121522 0.000152796 0.000116593
-0.0121121 0.000129134 9.74448e-05
-0.0120721 0.000106432 8.13424e-05
-0.012032 8.52565e-05 6.86788e-05
-0.011992 6.61349e-05 5.9765e-05
-0.011952 4.95441e-05 5.48243e-05
-0.0119119 3.58988e-05 5.39865e-05
-0.0118719 2.55414e-05 5.72855e-05
-0.0118318 1.8734e-05 6.46589e-05
-0.0117918 1.56523e-05 7.59498e-05
-0.0117518 1.63817e-05 9.09104e-05
-0.0117117 2.09156e-05 0.000109209
-0.0116717 2.91558e-05 0.000130435
-0.0116316 4.09151e-05 0.000154114
-0.0115916 5.59223e-05 0.000179715
-0.0115516 7.38289e-05 0.000206661
-0.0115115 9.42179e-05 0.000234348
-0.0114715 0.000116614 0.000262155
-0.0114314 0.000140494 0.000289457
-0.0113914 0.000165301 0.000315645
-0.0113514 0.000190457 0.000340133
-0.0113113 0.000215378 0.000362375
-0.0112713 0.000239483 0.000381877
-0.0112312 0.000262214 0.000398205
-0.0111912 0.000283045 0.000411
-0.0111512 0.000301495 0.000419981
-0.0111111 0.000317139 0.000424951
-0.0110711 0.000329619 0.000425805
-0.011031 0.00033865 0.000422527
-0.010991 0.000344027 0.000415195
-0.010951 0.00034563 0.000403976
-0.0109109 0.000343426 0.000389119
-0.0108709 0.000337469 0.000370958
-0.0108308 0.000327898 0.000349894
-0.0107908 0.000314937 0.000326393
-0.0107508 0.000298883 0.000300975
-0.0107107 0.000280107 0.000274197
-0.0106707 0.000259036 0.000246647
-0.0106306 0.000236152 0.000218929
-0.0105906 0.000211975 0.000191649
-0.0105506 0.000187054 0.0001654
-0.0105105 0.000161954 0.000140757
-0.0104705 0.000137241 0.000118255
-0.0104304 0.000113473 9.83837e-05
-0.0103904 9.11847e-05 8.15767e-05
-0.0103504 7.08786e-05 6.82009e-05
-0.0103103 5.3011e-05 5.85497e-05
-0.0102703 3.79837e-05 5.28376e-05
-0.0102302 2.61356e-05 5.11953e-05
-0.0101902 1.77347e-05 5.36679e-05
-0.0101502 1.29735e-05 6.02143e-05
-0.0101101 1.19645e-05 7.07081e-05
-0.0100701 1.47383e-05 8.49409e-05
-0.01003 2.12435e-05 0.000102627
-0.00998999 3.1348e-05 0.00012341
-0.00994995 4.48425e-05 0.000146871
-0.00990991 6.14453e-05 0.000172534
-0.00986987 8.08086e-05 0.000199882
-0.00982983 0.000102526 0.000228363
-0.00978979 0.000126144 0.000257404
-0.00974975 0.000151166 0.00028642
-0.00970971 0.000177069 0.00031483
-0.00966967 0.000203314 0.000342067
-0.00962963 0.000229355 0.000367586
-0.00958959 0.00025465 0.000390881
-0.00954955 0.000278676 0.00041149
-0.00950951 0.000300937 0.000429007
-0.00946947 0.000320977 0.000443089
-0.00942943 0.000338384 0.000453461
-0.00938939 0.000352804 0.000459924
-0.00934935 0.000363947 0.000462355
-0.00930931 0.000371587 0.000460712
-0.00926927 0.000375574 0.000455034
-0.00922923 0.000375832 0.000445437
-0.00918919 0.000372362 0.000432116
-0.00914915 0.000365241 0.000415335
-0.00910911 0.000354618 0.000395428
-0.00906907 0.000340715 0.000372786
-0.00902903 0.000323817 0.000347852
-0.00898899 0.000304272 0.000321114
-0.00894895 0.000282475 0.000293092
-0.00890891 0.00025887 0.000264328
-0.00886887 0.000233931 0.000235379
-0.00882883 0.000208162 0.000206801
-0.00878879 0.000182078 0.000179145
-0.00874875 0.0001562 0.000152939
-0.00870871 0.000131044 0.000128686
-0.00866867 0.00010711 0.000106848
-0.00862863 8.48724e-05 8.78409e-05
-0.00858859 6.4771e-05 7.2028e-05
-0.00854855 4.72031e-05 5.97106e-05
-0.00850851 3.25157e-05 5.11248e-05
-0.00846847 2.09992e-05 4.64368e-05
-0.00842843 1.28823e-05 4.57406e-05
-0.00838839 8.32756e-06 4.90563e-05
-0.00834835 7.42933e-06 5.63309e-05
-0.00830831 1.0212e-05 6.74388e-05
-0.00826827 1.66299e-05 8.21854e-05
-0.00822823 2.65693e-05 0.000100311
-0.00818819 3.98499e-05 0.000121494
-0.00814815 5.62298e-05 0.000145362
-0.00810811 7.54096e-05 0.000171492
-0.00806807 9.70389e-05 0.000199424
-0.00802803 0.000120723 0.000228667
-0.00798799 0.00014603 0.000258709
-0.00794795 0.000172501 0.000289023
-0.00790791 0.000199655 0.000319083
-0.00786787 0.000227002 0.000348366
-0.00782783 0.000254051 0.000376365
-0.00778779 0.000280314 0.000402598
-0.00774775 0.000305325 0.000426616
-0.00770771 0.000328637 0.000448009
-0.00766767 0.000349839 0.000466414
-0.00762763 0.000368558 0.000481521
-0.00758759 0.000384466 0.000493078
-0.00754755 0.000397289 0.000500895
-0.00750751 0.000406805 0.000504846
-0.00746747 0.000412855 0.000504871
-0.00742743 0.000415341 0.000500978
-0.00738739 0.000414226 0.00049324
-0.00734735 0.00040954 0.000481795
-0.00730731 0.000401372 0.000466843
-0.00726727 0.000389872 0.000448641
-0.00722723 0.000375248 0.000427499
-0.00718719 0.000357762 0.000403776
-0.00714715 0.000337722 0.000377872
-0.00710711 0.00031548 0.00035022
-0.00706707 0.000291424 0.00032128
-0.00702703 0.000265971 0.000291534
-0.00698699 0.000239561 0.000261472
-0.00694695 0.000212647 0.000231588
-0.00690691 0.00018569 0.000202373
-0.00686687 0.000159149 0.000174302
-0.00682683 0.000133475 0.000147834
-0.00678679 0.000109102 0.000123397
-0.00674675 8.64427e-05 0.000101386
-0.00670671 6.58772e-05 8.21574e-05
-0.00666667 4.77519e-05 6.60207e-05
-0.00662663 3.23713e-05 5.32367e-05
-0.00658659 1.99946e-05 4.40124e-05
-0.00654655 1.08312e-05 3.84989e-05
-0.00650651 5.03838e-06 3.67893e-05
-0.00646647 2.71878e-06 3.89179e-05
-0.00642643 3.91948e-06 4.48599e-05
-0.00638639 8.63174e-06 5.45327e-05
-0.00634635 1.67916e-05 6.77974e-05
-0.00630631 2.82813e-05 8.44614e-05
-0.00626627 4.29318e-05 0.000104282
-0.00622623 6.05256e-05 0.00012697
-0.00618619 8.08008e-05 0.000152196
-0.00614615 0.000103455 0.000179592
-0.00610611 0.000128152 0.000208762
-0.00606607 0.000154523 0.000239283
-0.00602603 0.000182178 0.000270716
-0.00598599 0.000210708 0.00030261
-0.00594595 0.000239693 0.000334509
-0.00590591 0.000268705 0.000365959
-0.00586587 0.000297321 0.000396511
-0.00582583 0.000325121 0.000425736
-0.00578579 0.000351702 0.00045322
-0.00574575 0.000376678 0.000478579
-0.00570571 0.000399685 0.000501457
-0.00566567 0.000420394 0.000521535
-0.00562563 0.000438505 0.000538536
-0.00558559 0.000453757 0.000552223
-0.00554555 0.000465932 0.000562409
-0.00550551 0.000474855 0.000568954
-0.00546547 0.000480397 0.000571768
-0.00542543 0.000482479 0.000570814
-0.00538539 0.000481071 0.000566107
-0.00534535 0.00047619 0.000557711
-0.00530531 0.000467904 0.000545745
-0.00526527 0.00045633 0.000530371
-0.00522523 0.000441631 0.000511802
-0.00518519 0.000424015 0.000490293
-0.00514515 0.00040373 0.000466138
-0.00510511 0.000381065 0.00043967
-0.00506507 0.000356342 0.000411251
-0.00502503 0.000329916 0.000381272
-0.00498498 0.000302165 0.000350146
-0.00494494 0.00027349 0.000318301
-0.0049049 0.000244307 0.000286178
-0.00486486 0.00021504 0.000254221
-0.00482482 0.000186121 0.000222875
-0.00478478 0.000157977 0.000192576
-0.00474474 0.000131028 0.000163749
-0.0047047 0.00010568 0.0001368
-0.00466466 8.23201e-05 0.00011211
-0.00462462 6.13072e-05 9.00303e-05
-0.00458458 4.29708e-05 7.08774e-05
-0.00454454 2.76027e-05 5.49282e-05
-0.0045045 1.54535e-05 4.24156e-05
-0.00446446 6.7276e-06 3.35251e-05
-0.00442442 1.57926e-06 2.83909e-05
-0.00438438 1.09749e-07 2.70945e-05
-0.00434434 2.36456e-06 2.96621e-05
-0.0043043 8.33181e-06 3.6064e-05
-0.00426426 1.79413e-05 4.62142e-05
-0.00422422 3.10646e-05 5.99713e-05
-0.00418418 4.75161e-05 7.71398e-05
-0.00414414 6.70548e-05 9.74723e-05
-0.0041041 8.93873e-05 0.000120673
-0.00406406 0.000114172 0.000146402
-0.00402402 0.000141024 0.000174278
-0.00398398 0.00016952 0.000203888
-0.00394394 0.000199206 0.00023479
-0.0039039 0.000229606 0.00026652
-0.00386386 0.000260225 0.0002986
-0.00382382 0.000290565 0.000330548
-0.00378378 0.000320128 0.000361882
-0.00374374 0.000348429 0.00039213
-0.0037037 0.000375002 0.000420839
-0.00366366 0.000399413 0.000447579
-0.00362362 0.000421266 0.000471957
-0.00358358 0.000440213 0.000493619
-0.00354354 0.00045596 0.000512255
-0.0035035 0.000468276 0.000527613
-0.00346346 0.000476997 0.000539492
-0.00342342 0.000482031 0.000547758
-0.00338338 0.000483359 0.000552336
-0.00334334 0.000481041 0.000553217
-0.0033033 0.00047521 0.000550459
-0.00326326 0.000466075 0.000544182
-0.00322322 0.000453914 0.000534567
-0.00318318 0.00043907 0.000521853
-0.00314314 0.000421944 0.00050633
-0.0031031 0.000402985 0.000488334
-0.00306306 0.000382684 0.000468241
-0.00302302 0.000361556 0.000446456
-0.00298298 0.000340135 0.000423403
-0.00294294 0.000318955 0.00039952
-0.0029029 0.000298542 0.000375244
-0.00286286 0.000279394 0.000351005
-0.00282282 0.000261975 0.000327214
-0.00278278 0.000246696 0.000304251
-0.00274274 0.000233906 0.000282461
-0.0027027 0.000223883 0.000262142
-0.00266266 0.00021682 0.00024354
-0.00262262 0.000212822 0.000226842
-0.00258258 0.0002119 0.000212171
-0.00254254 0.000213967 0.000199585
-0.0025025 0.000218841 0.000189078
-0.00246246 0.000226245 0.000180575
-0.00242242 0.000235812 0.00017394
-0.00238238 0.000247096 0.00016898
-0.00234234 0.00025958 0.00016545
-0.0023023 0.000272694 0.000163064
-0.00226226 0.000285824 0.000161501
-0.00222222 0.000298336 0.00016042
-0.00218218 0.000309593 0.000159472
-0.00214214 0.000318976 0.000158313
-0.0021021 0.000325906 0.000156617
-0.00206206 0.000329865 0.000154092
-0.00202202 0.000330419 0.000150492
-0.00198198 0.000327238 0.000145635
-0.00194194 0.000320118 0.000139409
-0.0019019 0.000308995 0.000131791
-0.00186186 0.000293961 0.000122849
-0.00182182 0.000275278 0.000112759
-0.00178178 0.000253385 0.000101802
-0.00174174 0.000228905 9.03721e-05
-0.0017017 0.000202641 7.89768e-05
-0.00166166 0.000175578 6.82329e-05
-0.00162162 0.00014887 5.88622e-05
-0.00158158 0.000123829 5.16829e-05
-0.00154154 0.000101907 4.75986e-05
-0.0015015 8.4676e-05 4.75841e-05
-0.00146146 7.3799e-05 5.26686e-05
-0.00142142 7.1002e-05 6.39171e-05
-0.00138138 7.80411e-05 8.24089e-05
-0.00134134 9.66669e-05 0.000109215
-0.0013013 0.000128587 0.000145375
-0.00126126 0.000175428 0.000191871
-0.00122122 0.000238695 0.000249602
-0.00118118 0.000319735 0.000319365
-0.00114114 0.000419698 0.000401824
-0.0011011 0.000539504 0.00049749
-0.00106106 0.000679808 0.000606705
-0.00102102 0.000840975 0.000729618
-0.000980981 0.00102305 0.000866174
-0.000940941 0.00122575 0.0010161
-0.000900901 0.00144845 0.00117891
-0.000860861 0.00169014 0.00135386
-0.000820821 0.00194951 0.00154002
-0.000780781 0.00222484 0.0017362
-0.000740741 0.00251414 0.00194102
-0.000700701 0.00281505 0.00215289
-0.000660661 0.00312496 0.00237004
-0.000620621 0.00344099 0.00259053
-0.000580581 0.00376006 0.00281231
-0.000540541 0.0040789 0.0030332
-0.000500501 0.00439413 0.00325095
-0.00046046 0.00470229 0.00346327
-0.00042042 0.0049999 0.00366787
-0.00038038 0.00528353 0.00386246
-0.00034034 0.00554983 0.00404485
-0.0003003 0.00579561 0.00421292
-0.00026026 0.00601786 0.00436472
-0.00022022 0.00621385 0.00449843
-0.00018018 0.00638112 0.00461244
-0.00014014 0.00651757 0.00470538
-0.0001001 0.00662146 0.0047761
-6.00601e-05 0.00669147 0.00482374
-2.002e-05 0.0067267 0.00484771
2.002e-05 0.0067267 0.00484771
6.00601e-05 0.00669147 0.00482374
0.0001001 0.00662146 0.0047761
0.00014014 0.00651757 0.00470538
0.00018018 0.00638112 0.00461244
0.00022022 0.00621385 0.00449843
0.00026026 0.00601786 0.00436472
0.0003003 0.00579561 0.00421292
0.00034034 0.00554983 0.00404485
0.00038038 0.00528353 0.00386246
0.00042042 0.0049999 0.00366787
0.00046046 0.00470229 0.00346327
0.000500501 0.00439413 0.00325095
0.000540541 0.0040789 0.0030332
0.000580581 0.00376006 0.00281231
0.000620621 0.00344099 0.00259053
0.000660661 0.00312496 0.00237004
0.000700701 0.00281505 0.00215289
0.000740741 0.00251414 0.00194102
0.000780781 0.00222484 0.0017362
0.000820821 0.00194951 0.00154002
0.000860861 0.00169014 0.00135386
0.000900901 0.00144845 0.00117891
0.000940941 0.00122575 0.0010161
0.000980981 0.00102305 0.000866174
0.00102102 0.000840975 0.000729618
0.00106106 0.000679808 0.000606705
0.0011011 0.000539504 0.00049749
0.00114114 0.000419698 0.000401824
0.00118118 0.000319735 0.000319365
0.00122122 0.000238695 0.000249602
0.00126126 0.000175428 0.000191871
0.0013013 0.000128587 0.000145375
0.00134134 9.66669e-05 0.000109215
0.00138138 7.80411e-05 8.24089e-05
0.00142142 7.1002e-05 6.39171e-05
0.00146146 7.3799e-05 5.26686e-05
0.0015015 8.4676e-05 4.75841e-05
0.00154154 0.000101907 4.75986e-05
0.00158158 0.000123829 5.16829e-05
0.00162162 0.00014887 5.88622e-05
0.00166166 0.000175578 6.82329e-05
0.0017017 0.000202641 7.89768e-05
0.00174174 0.000228905 9.03721e-05
0.00178178 0.000253385 0.000101802
0.00182182 0.000275278 0.000112759
0.00186186 0.000293961 0.000122849
0.0019019 0.000308995 0.000131791
0.00194194 0.000320118 0.000139409
0.00198198 0.000327238 0.000145635
0.00202202 0.000330419 0.000150492
0.00206206 0.000329865 0.000154092
0.0021021 0.000325906 0.000156617
0.00214214 0.000318976 0.000158313
0.00218218 0.000309593 0.000159472
0.00222222 0.000298336 0.00016042
0.00226226 0.000285824 0.000161501
0.0023023 0.000272694 0.000163064
0.00234234 0.00025958 0.00016545
0.00238238 0.000247096 0.00016898
0.00242242 0.000235812 0.00017394
0.00246246 0.000226245 0.000180575
0.0025025 0.000218841 0.000189078
0.00254254 0.000213967 0.000199585
0.00258258 0.0002119 0.000212171
0.00262262 0.000212822 0.000226842
0.00266266 0.00021682 0.00024354
0.0027027 0.000223883 0.000262142
0.00274274 0.000233906 0.000282461
0.00278278 0.000246696 0.000304251
0.00282282 0.000261975 0.000327214
0.00286286 0.000279394 0.000351005
0.0029029 0.000298542 0.000375244
0.00294294 0.000318955 0.00039952
0.00298298 0.000340135 0.000423403
0.00302302 0.000361556 0.000446456
0.00306306 0.000382684 0.000468241
0.0031031 0.000402985 0.000488334
0.00314314 0.000421944 0.00050633
0.00318318 0.00043907 0.000521853
0.00322322 0.000453914 0.000534567
0.00326326 0.000466075 0.000544182
0.0033033 0.00047521 0.000550459
0.00334334 0.000481041 0.000553217
0.00338338 0.000483359 0.000552336
0.00342342 0.000482031 0.000547758
0.00346346 0.000476997 0.000539492
0.0035035 0.000468276 0.000527613
0.00354354 0.00045596 0.000512255
0.00358358 0.000440213 0.000493619
0.00362362 0.000421266 0.000471957
0.00366366 0.000399413 0.000447579
0.0037037 0.000375002 0.000420839
0.00374374 0.000348429 0.00039213
0.00378378 0.000320128 0.000361882
0.00382382 0.000290565 0.000330548
0.00386386 0.000260225 0.0002986
0.0039039 0.000229606 0.00026652
0.00394394 0.000199206 0.00023479
0.00398398 0.00016952 0.000203888
0.00402402 0.000141024 0.000174278
0.00406406 0.000114172 0.000146402
0.0041041 8.93873e-05 0.000120673
0.00414414 6.70548e-05 9.74723e-05
0.00418418 4.75161e-05 7.71398e-05
0.00422422 3.10646e-05 5.99713e-05
0.00426426 1.79413e-05 4.62142e-05
0.0043043 8.33181e-06 3.6064e-05
0.00434434 2.36456e-06 2.96621e-05
0.00438438 1.09749e-07 2.70945e-05
0.00442442 1.57926e-06 2.83909e-05
0.00446446 6.7276e-06 3.35251e-05
0.0045045 1.54535e-05 4.24156e-05
0.00454454 2.76027e-05 5.49282e-05
0.00458458 4.29708e-05 7.08774e-05
0.00462462 6.13072e-05 9.00303e-05
0.00466466 8.23201e-05 0.00011211
0.0047047 0.00010568 0.0001368
0.00474474 0.000131028 0.000163749
0.00478478 0.000157977 0.000192576
0.00482482 0.000186121 0.000222875
0.00486486 0.00021504 0.000254221
0.0049049 0.000244307 0.000286178
0.00494494 0.00027349 0.000318301
0.00498498 0.000302165 0.000350146
0.00502503 0.000329916 0.000381272
0.00506507 0.000356342 0.000411251
0.00510511 0.000381065 0.00043967
0.00514515 0.00040373 0.000466138
0.00518519 0.000424015 0.000490293
0.00522523 0.000441631 0.000511802
0.00526527 0.00045633 0.000530371
0.00530531 0.000467904 0.000545745
0.00534535 0.00047619 0.000557711
0.00538539 0.000481071 0.000566107
0.00542543 0.000482479 0.000570814
0.00546547 0.000480397 0.000571768
0.00550551 0.000474855 0.000568954
0.00554555 0.000465932 0.000562409
0.00558559 0.000453757 0.000552223
0.00562563 0.000438505 0.000538536
0.00566567 0.000420394 0.000521535
0.00570571 0.000399685 0.000501457
0.00574575 0.000376678 0.000478579
0.00578579 0.000351702 0.00045322
0.00582583 0.000325121 0.000425736
0.00586587 0.000297321 0.000396511
0.00590591 0.000268705 0.000365959
0.00594595 0.000239693 0.000334509
0.00598599 0.000210708 0.00030261
0.00602603 0.000182178 0.000270716
0.00606607 0.000154523 0.000239283
0.00610611 0.000128152 0.000208762
0.00614615 0.000103455 0.000179592
0.00618619 8.08008e-05 0.000152196
0.00622623 6.05256e-05 0.00012697
0.00626627 4.29318e-05 0.000104282
0.00630631 2.82813e-05 8.44614e-05
0.00634635 1.67916e-05 6.77974e-05
0.00638639 8.63174e-06 5.45327e-05
0.00642643 3.91948e-06 4.48599e-05
0.00646647 2.71878e-06 3.89179e-05
0.00650651 5.03838e-06 3.67893e-05
0.00654655 1.08312e-05 3.84989e-05
0.00658659 1.99946e-05 4.40124e-05
0.00662663 3.23713e-05 5.32367e-05
0.00666667 4.77519e-05 6.60207e-05
0.00670671 6.58772e-05 8.21574e-05
0.00674675 8.64427e-05 0.000101386
0.00678679 0.000109102 0.000123397
0.00682683 0.000133475 0.000147834
0.00686687 0.000159149 0.000174302
0.00690691 0.00018569 0.000202373
0.00694695 0.000212647 0.000231588
0.00698699 0.000239561 0.000261472
0.00702703 0.000265971 0.000291534
0.00706707 0.000291424 0.00032128
0.00710711 0.00031548 0.00035022
0.00714715 0.000337722 0.000377872
0.00718719 0.000357762 0.000403776
0.00722723 0.000375248 0.000427499
0.00726727 0.000389872 0.000448641
0.00730731 0.000401372 0.000466843
0.00734735 0.00040954 0.000481795
0.00738739 0.000414226 0.00049324
0.00742743 0.000415341 0.000500978
0.00746747 0.000412855 0.000504871
0.00750751 0.000406805 0.000504846
0.00754755 0.000397289 0.000500895
0.00758759 0.000384466 0.000493078
0.00762763 0.000368558 0.000481521
0.00766767 0.000349839 0.000466414
0.00770771 0.000328637 0.000448009
0.00774775 0.000305325 0.000426616
0.00778779 0.000280314 0.000402598
0.00782783 0.000254051 0.000376365
0.00786787 0.000227002 0.000348366
0.00790791 0.000199655 0.000319083
0.00794795 0.000172501 0.000289023
0.00798799 0.00014603 0.000258709
0.00802803 0.000120723 0.000228667
0.00806807 9.70389e-05 0.000199424
0.00810811 7.54096e-05 0.000171492
0.00814815 5.62298e-05 0.000145362
0.00818819 3.98499e-05 0.000121494
0.00822823 2.65693e-05 0.000100311
0.00826827 1.66299e-05 8.21854e-05
0.00830831 1.0212e-05 6.74388e-05
0.00834835 7.42933e-06 5.63309e-05
0.00838839 8.32756e-06 4.90563e-05
0.00842843 1.28823e-05 4.57406e-05
0.00846847 2.09992e-05 4.64368e-05
0.00850851 3.25157e-05 5.11248e-05
0.00854855 4.72031e-05 5.97106e-05
0.00858859 6.4771e-05 7.2028e-05
0.00862863 8.48724e-05 8.78409e-05
0.00866867 0.00010711 0.000106848
0.00870871 0.000131044 0.000128686
0.00874875 0.0001562 0.000152939
0.00878879 0.000182078 0.000179145
0.00882883 0.000208162 0.000206801
0.00886887 0.000233931 0.000235379
0.00890891 0.00025887 0.000264328
0.00894895 0.000282475 0.000293092
0.00898899 0.000304272 0.000321114
0.00902903 0.000323817 0.000347852
0.00906907 0.000340715 0.000372786
0.00910911 0.000354618 0.000395428
0.00914915 0.000365241 0.000415335
0.00918919 0.000372362 0.000432116
0.00922923 0.000375832 0.000445437
0.00926927 0.000375574 0.000455034
0.00930931 0.000371587 0.000460712
0.00934935 0.000363947 0.000462355
0.00938939 0.000352804 0.000459924
0.00942943 0.000338384 0.000453461
0.00946947 0.000320977 0.000443089
0.00950951 0.000300937 0.000429007
0.00954955 0.000278676 0.00041149
0.00958959 0.00025465 0.000390881
0.00962963 0.000229355 0.000367586
0.00966967 0.000203314 0.000342067
0.00970971 0.000177069 0.00031483
0.00974975 0.000151166 0.00028642
0.00978979 0.000126144 0.000257404
0.00982983 0.000102526 0.000228363
0.00986987 8.08086e-05 0.000199882
0.00990991 6.14453e-05 0.000172534
0.00994995 4.48425e-05 0.000146871
0.00998999 3.1348e-05 0.00012341
0.01003 2.12435e-05 0.000102627
0.0100701 1.47383e-05 8.49409e-05
0.0101101 1.19645e-05 7.07081e-05
0.0101502 1.29735e-05 6.02143e-05
0.0101902 1.77347e-05 5.36679e-05
0.0102302 2.61356e-05 5.11953e-05
0.0102703 3.79837e-05 5.28376e-05
0.0103103 5.3011e-05 5.85497e-05
0.0103504 7.08786e-05 6.82009e-05
0.0103904 9.11847e-05 8.15767e-05
0.0104304 0.000113473 9.83837e-05
0.0104705 0.000137241 0.000118255
0.0105105 0.000161954 0.000140757
0.0105506 0.000187054 0.0001654
0.0105906 0.000211975 0.000191649
0.0106306 0.000236152 0.000218929
0.0106707 0.000259036 0.000246647
0.0107107 0.000280107 0.000274197
0.0107508 0.000298883 0.000300975
0.0107908 0.000314937 0.000326393
0.0108308 0.000327898 0.000349894
0.0108709 0.000337469 0.000370958
0.0109109 0.000343426 0.000389119
0.010951 0.00034563 0.000403976
0.010991 0.000344027 0.000415195
0.011031 0.00033865 0.000422527
0.0110711 0.000329619 0.000425805
0.0111111 0.000317139 0.000424951
0.0111512 0.000301495 0.000419981
0.0111912 0.000283045 0.000411
0.0112312 0.000262214 0.000398205
0.0112713 0.000239483 0.000381877
0.0113113 0.000215378 0.000362375
0.0113514 0.000190457 0.000340133
0.0113914 0.000165301 0.000315645
0.0114314 0.000140494 0.000289457
0.0114715 0.000116614 0.000262155
0.0115115 9.42179e-05 0.000234348
0.0115516 7.38289e-05 0.000206661
0.0115916 5.59223e-05 0.000179715
0.0116316 4.09151e-05 0.000154114
0.0116717 2.91558e-05 0.000130435
0.0117117 2.09156e-05 0.000109209
0.0117518 1.63817e-05 9.09104e-05
0.0117918 1.56523e-05 7.59498e-05
0.0118318 1.8734e-05 6.46589e-05
0.0118719 2.55414e-05 5.72855e-05
0.0119119 3.58988e-05 5.39865e-05
0.011952 4.95441e-05 5.48243e-05
0.011992 6.61349e-05 5.9765e-05
0.012032 8.52565e-05 6.86788e-05
0.0120721 0.000106432 8.13424e-05
0.0121121 0.000129134 9.74448e-05
0.0121522 0.000152796 0.000116593
0.0121922 0.000176828 0.000138323
0.0122322 0.00020063 0.000162109
0.0122723 0.000223608 0.000187375
0.0123123 0.000245186 0.00021351
0.0123524 0.000264824 0.000239883
0.0123924 0.000282029 0.000265855
0.0124324 0.000296367 0.000290796
0.0124725 0.000307477 0.000314104
0.0125125 0.000315078 0.00033521
0.0125526 0.000318977 0.000353601
0.0125926 0.000319073 0.000368829
0.0126326 0.000315362 0.000380522
0.0126727 0.000307935 0.000388392
0.0127127 0.000296979 0.000392244
0.0127528 0.000282768 0.000391982
0.0127928 0.000265662 0.00038761
0.0128328 0.000246093 0.000379229
0.0128729 0.000224557 0.000367043
0.0129129 0.000201601 0.000351346
0.012953 0.000177808 0.00033252
0.012993 0.000153783 0.000311023
0.013033 0.000130138 0.00028738
0.0130731 0.000107477 0.00026217
0.0131131 8.6375e-05 0.000236009
0.0131532 6.73709e-05 0.000209539
0.0131932 5.09475e-05 0.000183409
0.0132332 3.75212e-05 0.000158259
0.0132733 2.74306e-05 0.000134706
0.0133133 2.09273e-05 0.000113327
0.0133534 1.81689e-05 9.46436e-05
0.0133934 1.92152e-05 7.91109e-05
0.0134334 2.40257e-05 6.71044e-05
0.0134735 3.24612e-05 5.89106e-05
0.0135135 4.42862e-05 5.47198e-05
0.0135536 5.91759e-05 5.46208e-05
0.0135936 7.67239e-05 5.85986e-05
0.0136336 9.64533e-05 6.65345e-05
0.0136737 0.000117829 7.82088e-05
0.0137137 0.000140271 9.33064e-05
0.0137538 0.000163172 0.000111425
0.0137938 0.000185912 0.000132083
0.0138338 0.000207873 0.000154736
0.0138739 0.000228461 0.000178787
0.0139139 0.000247117 0.000203602
0.013954 0.000263333 0.00022853
0.013994 0.000276669 0.000252914
0.014034 0.000286761 0.000276113
0.0140741 0.000293335 0.000297516
0.0141141 0.000296209 0.00031656
0.0141542 0.000295306 0.000332741
0.0141942 0.000290648 0.000345633
0.0142342 0.000282363 0.000354895
0.0142743 0.000270676 0.000360279
0.0143143 0.000255905 0.000361643
0.0143544 0.000238455 0.000358947
0.0143944 0.000218803 0.000352261
0.0144344 0.000197487 0.000341759
0.0144745 0.000175091 0.000327715
0.0145145 0.000152229 0.0003105
0.0145546 0.000129528 0.000290565
0.0145946 0.000107609 0.000268437
0.0146346 8.70741e-05 0.000244698
0.0146747 6.84839e-05 0.000219975
0.0147147 5.23462e-05 0.000194921
0.0147548 3.90997e-05 0.000170196
0.0147948 2.91019e-05 0.000146453
0.0148348 2.26194e-05 0.000124315
0.0148749 1.98195e-05 0.000104366
0.0149149 2.07662e-05 8.7127e-05
0.014955 2.54176e-05 7.30465e-05
0.014995 3.36269e-05 6.24875e-05
0.015035 4.51472e-05 5.57171e-05
0.0150751 5.96373e-05 5.2899e-05
0.0151151 7.66722e-05 5.40897e-05
0.0151552 9.57543e-05 5.92359e-05
0.0151952 0.000116328 6.81765e-05
0.0152352 0.000137796 8.06466e-05
0.0152753 0.000159535 9.62848e-05
0.0153153 0.000180913 0.000114643
0.0153554 0.000201312 0.000135199
0.0153954 0.00022014 0.000157369
0.0154354 0.000236851 0.000180527
0.0154755 0.000250959 0.00020402
0.0155155 0.000262056 0.000227184
0.0155556 0.000269821 0.000249368
0.0155956 0.000274026 0.000269947
0.0156356 0.000274552 0.00028834
0.0156757 0.000271382 0.00030403
0.0157157 0.000264609 0.000316574
0.0157558 0.000254431 0.000325618
0.0157958 0.000241145 0.000330906
0.0158358 0.000225137 0.000332289
0.0158759 0.000206874 0.000329725
0.0159159 0.000186889 0.000323286
0.015956 0.000165765 0.000313151
0.015996 0.000144116 0.000299604
0.016036 0.000122573 0.000283024
0.0160761 0.000101762 0.000263876
0.0161161 8.2289e-05 0.000242698
0.0161562 6.4717e-05 0.000220084
0.0161962 4.95537e-05 0.000196668
0.0162362 3.72345e-05 0.000173107
0.0162763 2.81099e-05 0.00015006
0.0163163 2.24348e-05 0.000128172
0.0163564 2.03612e-05 0.000108052
0.0163964 2.19332e-05 9.026e-05
0.0164364 2.70863e-05 7.5286e-05
0.0164765 3.56484e-05 6.354e-05
0.0165165 4.73457e-05 5.53383e-05
0.0165566 6.18107e-05 5.08945e-05
0.0165966 7.85928e-05 5.03136e-05
0.0166366 9.71726e-05 5.35888e-05
0.0166767 0.000116977 6.06017e-05
0.0167167 0.000137396 7.11261e-05
0.0167568 0.000157803 8.48339e-05
0.0167968 0.000177572 0.000101305
0.0168368 0.000196097 0.000120041
0.0168769 0.000212811 0.000140476
0.0169169 0.000227201 0.000161996
0.016957 0.000238829 0.000183959
0.016997 0.000247339 0.000205707
0.017037 0.000252471 0.000226592
0.0170771 0.000254069 0.000245991
0.0171171 0.000252086 0.000263328
0.0171572 0.000246583 0.000278086
0.0171972 0.00023773 0.000289825
0.0172372 0.0002258 0.000298198
0.0172773 0.00021116 0.000302954
0.0173173 0.00019426 0.000303951
0.0173574 0.000175617 0.000301159
0.0173974 0.000155803 0.00029466
0.0174374 0.000135426 0.000284646
0.0174775 0.000115109 0.000271412
0.0175175 9.54705e-05 0.00025535
0.0175576 7.71104e-05 0.000236934
0.0175976 6.05856e-05 0.000216709
0.0176376 4.63955e-05 0.00019527
0.0176777 3.49657e-05 0.000173251
0.0177177 2.66354e-05 0.000151299
0.0177578 2.16459e-05 0.000130059
0.0177978 2.01339e-05 0.000110153
0.0178378 2.2127e-05 9.21622e-05
0.0178779 2.75429e-05 7.66079e-05
0.0179179 3.6192e-05 6.39377e-05
0.017958 4.77836e-05 5.45109e-05
0.017998 6.19348e-05 4.85882e-05
0.018038 7.81831e-05 4.63236e-05
0.0180781 9.60008e-05 4.77602e-05
0.0181181 0.000114812 5.28288e-05
0.0181582 0.000134009 6.13498e-05
0.0181982 0.000152975 7.30396e-05
0.0182382 0.000171101 8.75183e-05
0.0182783 0.000187807 0.000104322
0.0183183 0.000202556 0.000122918
0.0183584 0.000214879 0.000142718
0.0183984 0.000224381 0.000163101
0.0184384 0.000230759 0.000183427
0.0184785 0.000233813 0.000203061
0.0185185 0.000233444 0.000221389
0.0185586 0.000229669 0.000237842
0.0185986 0.000222608 0.000251906
0.0186386 0.00021249 0.000263143
0.0186787 0.00019964 0.000271206
0.0187187 0.00018447 0.000275843
0.0187588 0.000167466 0.000276909
0.0187988 0.00014917 0.000274373
0.0188388 0.000130169 0.000268312
0.0188789 0.000111065 0.000258913
0.0189189 9.24679e-05 0.000246466
0.018959 7.49655e-05 0.000231357
0.018999 5.9111e-05 0.00021405
0.019039 4.54022e-05 0.000195079
0.0190791 3.42664e-05 0.000175028
0.0191191 2.60463e-05 0.000154512
0.0191592 2.09893e-05 0.00013416
0.0191992 1.9239e-05 0.000114594
0.0192392 2.08315e-05 9.64088e-05
0.0192793 2.56935e-05 8.01559e-05
0.0193193 3.36458e-05 6.63238e-05
0.0193594 4.44084e-05 5.53237e-05
0.0193994 5.76104e-05 4.74771e-05
0.0194394 7.28019e-05 4.30052e-05
0.0194795 8.94694e-05 4.20225e-05
0.0195195 0.000107052 4.45331e-05
0.0195596 0.000124961 5.04312e-05
0.0195996 0.000142596 5.9504e-05
0.0196396 0.000159372 7.14395e-05
0.0196797 0.000174729 8.58356e-05
0.0197197 0.000188157 0.000102214
0.0197598 0.000199213 0.000120034
0.0197998 0.000207529 0.000138711
0.0198398 0.000212833 0.000157636
0.0198799 0.00021495 0.000176194
0.0199199 0.000213814 0.000193781
0.01996 0.000209463 0.000209829
0.02 0.000202044 0.000223818
