-5000 0.0101656
-4995.2 0.010196
-4990.39 0.0102264
-4985.59 0.0102571
-4980.78 0.0102879
-4975.98 0.0103188
-4971.17 0.01035
-4966.37 0.0103813
-4961.56 0.0104128
-4956.76 0.0104444
-4951.95 0.0104762
-4947.15 0.0105082
-4942.34 0.0105404
-4937.54 0.0105727
-4932.73 0.0106052
-4927.93 0.0106379
-4923.12 0.0106708
-4918.32 0.0107039
-4913.51 0.0107371
-4908.71 0.0107705
-4903.9 0.0108041
-4899.1 0.0108379
-4894.29 0.0108719
-4889.49 0.0109061
-4884.68 0.0109404
-4879.88 0.010975
-4875.08 0.0110097
-4870.27 0.0110446
-4865.47 0.0110798
-4860.66 0.0111151
-4855.86 0.0111506
-4851.05 0.0111863
-4846.25 0.0112223
-4841.44 0.0112584
-4836.64 0.0112947
-4831.83 0.0113313
-4827.03 0.011368
-4822.22 0.0114049
-4817.42 0.0114421
-4812.61 0.0114795
-4807.81 0.011517
-4803 0.0115548
-4798.2 0.0115928
-4793.39 0.0116311
-4788.59 0.0116695
-4783.78 0.0117082
-4778.98 0.0117471
-4774.17 0.0117862
-4769.37 0.0118255
-4764.56 0.0118651
-4759.76 0.0119048
-4754.95 0.0119449
-4750.15 0.0119851
-4745.35 0.0120256
-4740.54 0.0120663
-4735.74 0.0121072
-4730.93 0.0121484
-4726.13 0.0121899
-4721.32 0.0122315
-4716.52 0.0122734
-4711.71 0.0123156
-4706.91 0.012358
-4702.1 0.0124007
-4697.3 0.0124436
-4692.49 0.0124867
-4687.69 0.0125301
-4682.88 0.0125738
-4678.08 0.0126177
-4673.27 0.0126619
-4668.47 0.0127063
-4663.66 0.012751
-4658.86 0.012796
-4654.05 0.0128412
-4649.25 0.0128867
-4644.44 0.0129325
-4639.64 0.0129785
-4634.83 0.0130249
-4630.03 0.0130715
-4625.23 0.0131183
-4620.42 0.0131655
-4615.62 0.0132129
-4610.81 0.0132606
-4606.01 0.0133087
-4601.2 0.013357
-4596.4 0.0134056
-4591.59 0.0134544
-4586.79 0.0135036
-4581.98 0.0135531
-4577.18 0.0136029
-4572.37 0.013653
-4567.57 0.0137033
-4562.76 0.013754
-4557.96 0.013805
-4553.15 0.0138563
-4548.35 0.013908
-4543.54 0.0139599
-4538.74 0.0140122
-4533.93 0.0140647
-4529.13 0.0141176
-4524.32 0.0141709
-4519.52 0.0142244
-4514.71 0.0142783
-4509.91 0.0143325
-4505.11 0.014387
-4500.3 0.0144419
-4495.5 0.0144972
-4490.69 0.0145527
-4485.89 0.0146086
-4481.08 0.0146649
-4476.28 0.0147215
-4471.47 0.0147785
-4466.67 0.0148358
-4461.86 0.0148935
-4457.06 0.0149515
-4452.25 0.0150099
-4447.45 0.0150686
-4442.64 0.0151278
-4437.84 0.0151873
-4433.03 0.0152472
-4428.23 0.0153074
-4423.42 0.015368
-4418.62 0.0154291
-4413.81 0.0154905
-4409.01 0.0155522
-4404.2 0.0156144
-4399.4 0.015677
-4394.59 0.01574
-4389.79 0.0158033
-4384.98 0.0158671
-4380.18 0.0159313
-4375.38 0.0159959
-4370.57 0.0160609
-4365.77 0.0161263
-4360.96 0.0161921
-4356.16 0.0162584
-4351.35 0.016325
-4346.55 0.0163922
-4341.74 0.0164597
-4336.94 0.0165277
-4332.13 0.0165961
-4327.33 0.0166649
-4322.52 0.0167342
-4317.72 0.0168039
-4312.91 0.0168741
-4308.11 0.0169448
-4303.3 0.0170159
-4298.5 0.0170874
-4293.69 0.0171594
-4288.89 0.0172319
-4284.08 0.0173049
-4279.28 0.0173783
-4274.47 0.0174523
-4269.67 0.0175266
-4264.86 0.0176015
-4260.06 0.0176769
-4255.26 0.0177528
-4250.45 0.0178291
-4245.65 0.017906
-4240.84 0.0179833
-4236.04 0.0180612
-4231.23 0.0181396
-4226.43 0.0182185
-4221.62 0.0182979
-4216.82 0.0183778
-4212.01 0.0184583
-4207.21 0.0185393
-4202.4 0.0186208
-4197.6 0.0187029
-4192.79 0.0187855
-4187.99 0.0188687
-4183.18 0.0189524
-4178.38 0.0190366
-4173.57 0.0191215
-4168.77 0.0192069
-4163.96 0.0192928
-4159.16 0.0193793
-4154.35 0.0194664
-4149.55 0.0195541
-4144.74 0.0196424
-4139.94 0.0197312
-4135.14 0.0198207
-4130.33 0.0199107
-4125.53 0.0200014
-4120.72 0.0200926
-4115.92 0.0201845
-4111.11 0.020277
-4106.31 0.0203701
-4101.5 0.0204638
-4096.7 0.0205582
-4091.89 0.0206532
-4087.09 0.0207488
-4082.28 0.0208451
-4077.48 0.020942
-4072.67 0.0210396
-4067.87 0.0211378
-4063.06 0.0212367
-4058.26 0.0213362
-4053.45 0.0214365
-4048.65 0.0215374
-4043.84 0.021639
-4039.04 0.0217413
-4034.23 0.0218442
-4029.43 0.0219479
-4024.62 0.0220523
-4019.82 0.0221574
-4015.02 0.0222632
-4010.21 0.0223697
-4005.41 0.0224769
-4000.6 0.0225849
-3995.8 0.0226936
-3990.99 0.022803
-3986.19 0.0229132
-3981.38 0.0230242
-3976.58 0.0231358
-3971.77 0.0232483
-3966.97 0.0233615
-3962.16 0.0234755
-3957.36 0.0235903
-3952.55 0.0237058
-3947.75 0.0238222
-3942.94 0.0239393
-3938.14 0.0240572
-3933.33 0.024176
-3928.53 0.0242955
-3923.72 0.0244159
-3918.92 0.0245371
-3914.11 0.0246591
-3909.31 0.024782
-3904.5 0.0249057
-3899.7 0.0250302
-3894.89 0.0251556
-3890.09 0.0252819
-3885.29 0.025409
-3880.48 0.025537
-3875.68 0.0256659
-3870.87 0.0257956
-3866.07 0.0259263
-3861.26 0.0260578
-3856.46 0.0261903
-3851.65 0.0263236
-3846.85 0.0264579
-3842.04 0.0265931
-3837.24 0.0267292
-3832.43 0.0268662
-3827.63 0.0270042
-3822.82 0.0271431
-3818.02 0.027283
-3813.21 0.0274239
-3808.41 0.0275657
-3803.6 0.0277085
-3798.8 0.0278522
-3793.99 0.027997
-3789.19 0.0281427
-3784.38 0.0282894
-3779.58 0.0284372
-3774.77 0.0285859
-3769.97 0.0287357
-3765.17 0.0288865
-3760.36 0.0290383
-3755.56 0.0291912
-3750.75 0.0293451
-3745.95 0.0295001
-3741.14 0.0296561
-3736.34 0.0298132
-3731.53 0.0299713
-3726.73 0.0301306
-3721.92 0.0302909
-3717.12 0.0304523
-3712.31 0.0306148
-3707.51 0.0307784
-3702.7 0.0309432
-3697.9 0.031109
-3693.09 0.031276
-3688.29 0.0314441
-3683.48 0.0316134
-3678.68 0.0317838
-3673.87 0.0319554
-3669.07 0.0321281
-3664.26 0.032302
-3659.46 0.0324771
-3654.65 0.0326533
-3649.85 0.0328308
-3645.05 0.0330094
-3640.24 0.0331893
-3635.44 0.0333703
-3630.63 0.0335526
-3625.83 0.0337361
-3621.02 0.0339208
-3616.22 0.0341068
-3611.41 0.034294
-3606.61 0.0344825
-3601.8 0.0346722
-3597 0.0348632
-3592.19 0.0350555
-3587.39 0.0352491
-3582.58 0.0354439
-3577.78 0.03564
-3572.97 0.0358375
-3568.17 0.0360362
-3563.36 0.0362363
-3558.56 0.0364376
-3553.75 0.0366403
-3548.95 0.0368444
-3544.14 0.0370498
-3539.34 0.0372565
-3534.53 0.0374646
-3529.73 0.037674
-3524.92 0.0378848
-3520.12 0.038097
-3515.32 0.0383106
-3510.51 0.0385255
-3505.71 0.0387418
-3500.9 0.0389596
-3496.1 0.0391787
-3491.29 0.0393993
-3486.49 0.0396212
-3481.68 0.0398446
-3476.88 0.0400694
-3472.07 0.0402957
-3467.27 0.0405233
-3462.46 0.0407525
-3457.66 0.040983
-3452.85 0.0412151
-3448.05 0.0414486
-3443.24 0.0416835
-3438.44 0.04192
-3433.63 0.0421579
-3428.83 0.0423973
-3424.02 0.0426381
-3419.22 0.0428805
-3414.41 0.0431244
-3409.61 0.0433697
-3404.8 0.0436166
-3400 0.0438649
-3395.2 0.0441148
-3390.39 0.0443662
-3385.59 0.0446191
-3380.78 0.0448735
-3375.98 0.0451295
-3371.17 0.045387
-3366.37 0.045646
-3361.56 0.0459066
-3356.76 0.0461687
-3351.95 0.0464323
-3347.15 0.0466975
-3342.34 0.0469642
-3337.54 0.0472324
-3332.73 0.0475023
-3327.93 0.0477736
-3323.12 0.0480465
-3318.32 0.048321
-3313.51 0.048597
-3308.71 0.0488746
-3303.9 0.0491537
-3299.1 0.0494344
-3294.29 0.0497166
-3289.49 0.0500004
-3284.68 0.0502857
-3279.88 0.0505726
-3275.08 0.0508611
-3270.27 0.051151
-3265.47 0.0514426
-3260.66 0.0517357
-3255.86 0.0520303
-3251.05 0.0523264
-3246.25 0.0526241
-3241.44 0.0529234
-3236.64 0.0532241
-3231.83 0.0535264
-3227.03 0.0538302
-3222.22 0.0541355
-3217.42 0.0544423
-3212.61 0.0547506
-3207.81 0.0550605
-3203 0.0553718
-3198.2 0.0556846
-3193.39 0.0559989
-3188.59 0.0563146
-3183.78 0.0566318
-3178.98 0.0569505
-3174.17 0.0572706
-3169.37 0.0575921
-3164.56 0.057915
-3159.76 0.0582394
-3154.95 0.0585652
-3150.15 0.0588923
-3145.35 0.0592209
-3140.54 0.0595508
-3135.74 0.059882
-3130.93 0.0602146
-3126.13 0.0605485
-3121.32 0.0608837
-3116.52 0.0612202
-3111.71 0.0615579
-3106.91 0.0618969
-3102.1 0.0622372
-3097.3 0.0625787
-3092.49 0.0629214
-3087.69 0.0632652
-3082.88 0.0636102
-3078.08 0.0639564
-3073.27 0.0643037
-3068.47 0.064652
-3063.66 0.0650015
-3058.86 0.065352
-3054.05 0.0657035
-3049.25 0.066056
-3044.44 0.0664094
-3039.64 0.0667638
-3034.83 0.0671192
-3030.03 0.0674753
-3025.23 0.0678324
-3020.42 0.0681903
-3015.62 0.0685489
-3010.81 0.0689083
-3006.01 0.0692685
-3001.2 0.0696293
-2996.4 0.0699907
-2991.59 0.0703528
-2986.79 0.0707155
-2981.98 0.0710787
-2977.18 0.0714423
-2972.37 0.0718065
-2967.57 0.072171
-2962.76 0.0725359
-2957.96 0.0729012
-2953.15 0.0732667
-2948.35 0.0736324
-2943.54 0.0739983
-2938.74 0.0743644
-2933.93 0.0747305
-2929.13 0.0750967
-2924.32 0.0754628
-2919.52 0.0758289
-2914.71 0.0761948
-2909.91 0.0765605
-2905.11 0.076926
-2900.3 0.0772912
-2895.5 0.077656
-2890.69 0.0780203
-2885.89 0.0783842
-2881.08 0.0787475
-2876.28 0.0791101
-2871.47 0.0794721
-2866.67 0.0798333
-2861.86 0.0801937
-2857.06 0.0805531
-2852.25 0.0809115
-2847.45 0.0812689
-2842.64 0.0816252
-2837.84 0.0819802
-2833.03 0.0823339
-2828.23 0.0826862
-2823.42 0.0830371
-2818.62 0.0833864
-2813.81 0.083734
-2809.01 0.0840799
-2804.2 0.084424
-2799.4 0.0847662
-2794.59 0.0851063
-2789.79 0.0854444
-2784.98 0.0857802
-2780.18 0.0861137
-2775.38 0.0864448
-2770.57 0.0867734
-2765.77 0.0870994
-2760.96 0.0874227
-2756.16 0.0877431
-2751.35 0.0880605
-2746.55 0.0883749
-2741.74 0.0886861
-2736.94 0.0889941
-2732.13 0.0892986
-2727.33 0.0895995
-2722.52 0.0898969
-2717.72 0.0901904
-2712.91 0.09048
-2708.11 0.0907656
-2703.3 0.091047
-2698.5 0.0913241
-2693.69 0.0915968
-2688.89 0.0918649
-2684.08 0.0921283
-2679.28 0.0923869
-2674.47 0.0926404
-2669.67 0.0928889
-2664.86 0.093132
-2660.06 0.0933697
-2655.26 0.0936018
-2650.45 0.0938282
-2645.65 0.0940487
-2640.84 0.0942632
-2636.04 0.0944715
-2631.23 0.0946734
-2626.43 0.0948688
-2621.62 0.0950575
-2616.82 0.0952394
-2612.01 0.0954142
-2607.21 0.0955819
-2602.4 0.0957423
-2597.6 0.0958951
-2592.79 0.0960402
-2587.99 0.0961775
-2583.18 0.0963067
-2578.38 0.0964277
-2573.57 0.0965404
-2568.77 0.0966444
-2563.96 0.0967397
-2559.16 0.0968261
-2554.35 0.0969033
-2549.55 0.0969713
-2544.74 0.0970298
-2539.94 0.0970786
-2535.14 0.0971175
-2530.33 0.0971464
-2525.53 0.0971651
-2520.72 0.0971734
-2515.92 0.097171
-2511.11 0.0971579
-2506.31 0.0971338
-2501.5 0.0970985
-2496.7 0.0970518
-2491.89 0.0969936
-2487.09 0.0969237
-2482.28 0.0968418
-2477.48 0.0967479
-2472.67 0.0966416
-2467.87 0.0965228
-2463.06 0.0963914
-2458.26 0.0962471
-2453.45 0.0960898
-2448.65 0.0959193
-2443.84 0.0957354
-2439.04 0.0955379
-2434.23 0.0953266
-2429.43 0.0951014
-2424.62 0.0948622
-2419.82 0.0946086
-2415.02 0.0943407
-2410.21 0.0940581
-2405.41 0.0937609
-2400.6 0.0934487
-2395.8 0.0931214
-2390.99 0.092779
-2386.19 0.0924212
-2381.38 0.0920479
-2376.58 0.091659
-2371.77 0.0912543
-2366.97 0.0908338
-2362.16 0.0903973
-2357.36 0.0899447
-2352.55 0.0894759
-2347.75 0.0889908
-2342.94 0.0884892
-2338.14 0.0879712
-2333.33 0.0874366
-2328.53 0.0868854
-2323.72 0.0863175
-2318.92 0.0857329
-2314.11 0.0851315
-2309.31 0.0845132
-2304.5 0.0838781
-2299.7 0.0832261
-2294.89 0.0825572
-2290.09 0.0818715
-2285.29 0.0811689
-2280.48 0.0804495
-2275.68 0.0797133
-2270.87 0.0789603
-2266.07 0.0781907
-2261.26 0.0774046
-2256.46 0.0766019
-2251.65 0.0757828
-2246.85 0.0749475
-2242.04 0.074096
-2237.24 0.0732286
-2232.43 0.0723453
-2227.63 0.0714464
-2222.82 0.070532
-2218.02 0.0696025
-2213.21 0.0686579
-2208.41 0.0676986
-2203.6 0.0667249
-2198.8 0.065737
-2193.99 0.0647352
-2189.19 0.0637198
-2184.38 0.0626913
-2179.58 0.0616499
-2174.77 0.0605961
-2169.97 0.0595303
-2165.17 0.0584528
-2160.36 0.0573642
-2155.56 0.0562649
-2150.75 0.0551555
-2145.95 0.0540363
-2141.14 0.0529081
-2136.34 0.0517713
-2131.53 0.0506265
-2126.73 0.0494744
-2121.92 0.0483156
-2117.12 0.0471507
-2112.31 0.0459804
-2107.51 0.0448055
-2102.7 0.0436266
-2097.9 0.0424446
-2093.09 0.0412602
-2088.29 0.0400742
-2083.48 0.0388875
-2078.68 0.0377009
-2073.87 0.0365153
-2069.07 0.0353316
-2064.26 0.0341507
-2059.46 0.0329736
-2054.65 0.0318013
-2049.85 0.0306348
-2045.05 0.029475
-2040.24 0.0283231
-2035.44 0.0271801
-2030.63 0.026047
-2025.83 0.0249251
-2021.02 0.0238153
-2016.22 0.022719
-2011.41 0.0216372
-2006.61 0.0205711
-2001.8 0.0195219
-1997 0.0184908
-1992.19 0.0174791
-1987.39 0.016488
-1982.58 0.0155187
-1977.78 0.0145725
-1972.97 0.0136506
-1968.17 0.0127544
-1963.36 0.0118851
-1958.56 0.011044
-1953.75 0.0102323
-1948.95 0.0094514
-1944.14 0.00870248
-1939.34 0.00798685
-1934.53 0.00730575
-1929.73 0.00666043
-1924.92 0.00605214
-1920.12 0.00548208
-1915.32 0.00495147
-1910.51 0.00446147
-1905.71 0.00401324
-1900.9 0.0036079
-1896.1 0.00324656
-1891.29 0.00293026
-1886.49 0.00266003
-1881.68 0.00243686
-1876.88 0.00226167
-1872.07 0.00213535
-1867.27 0.00205874
-1862.46 0.00203262
-1857.66 0.0020577
-1852.85 0.00213465
-1848.05 0.00226403
-1843.24 0.00244638
-1838.44 0.00268212
-1833.63 0.00297161
-1828.83 0.00331514
-1824.02 0.00371287
-1819.22 0.0041649
-1814.41 0.00467122
-1809.61 0.00523173
-1804.8 0.00584621
-1800 0.00651434
-1795.2 0.00723568
-1790.39 0.00800967
-1785.59 0.00883565
-1780.78 0.00971282
-1775.98 0.0106402
-1771.17 0.0116168
-1766.37 0.0126415
-1761.56 0.0137127
-1756.76 0.0148292
-1751.95 0.0159893
-1747.15 0.0171911
-1742.34 0.0184329
-1737.54 0.0197125
-1732.73 0.0210278
-1727.93 0.0223764
-1723.12 0.0237557
-1718.32 0.0251632
-1713.51 0.026596
-1708.71 0.0280512
-1703.9 0.0295256
-1699.1 0.0310161
-1694.29 0.0325193
-1689.49 0.0340315
-1684.68 0.0355492
-1679.88 0.0370686
-1675.08 0.0385858
-1670.27 0.0400967
-1665.47 0.0415973
-1660.66 0.0430832
-1655.86 0.0445502
-1651.05 0.0459939
-1646.25 0.0474098
-1641.44 0.0487934
-1636.64 0.05014
-1631.83 0.0514451
-1627.03 0.0527041
-1622.22 0.0539123
-1617.42 0.0550651
-1612.61 0.0561579
-1607.81 0.0571861
-1603 0.0581454
-1598.2 0.0590312
-1593.39 0.0598394
-1588.59 0.0605658
-1583.78 0.0612063
-1578.98 0.0617572
-1574.17 0.0622149
-1569.37 0.0625759
-1564.56 0.062837
-1559.76 0.0629954
-1554.95 0.0630485
-1550.15 0.0629941
-1545.35 0.0628301
-1540.54 0.0625551
-1535.74 0.0621678
-1530.93 0.0616676
-1526.13 0.0610541
-1521.32 0.0603275
-1516.52 0.0594885
-1511.71 0.0585383
-1506.91 0.0574784
-1502.1 0.0563112
-1497.3 0.0550394
-1492.49 0.0536665
-1487.69 0.0521963
-1482.88 0.0506334
-1478.08 0.048983
-1473.27 0.0472508
-1468.47 0.0454432
-1463.66 0.043567
-1458.86 0.0416299
-1454.05 0.0396399
-1449.25 0.0376057
-1444.44 0.0355365
-1439.64 0.033442
-1434.83 0.0313323
-1430.03 0.0292181
-1425.23 0.0271105
-1420.42 0.0250207
-1415.62 0.0229605
-1410.81 0.0209417
-1406.01 0.0189765
-1401.2 0.0170769
-1396.4 0.0152553
-1391.59 0.0135238
-1386.79 0.0118944
-1381.98 0.0103788
-1377.18 0.00898861
-1372.37 0.00773481
-1367.57 0.00662791
-1362.76 0.00567782
-1357.96 0.00489367
-1353.15 0.00428377
-1348.35 0.00385548
-1343.54 0.00361508
-1338.74 0.0035677
-1333.93 0.00371718
-1329.13 0.00406601
-1324.32 0.00461519
-1319.52 0.00536419
-1314.71 0.00631083
-1309.91 0.00745124
-1305.11 0.00877978
-1300.3 0.010289
-1295.5 0.0119697
-1290.69 0.0138106
-1285.89 0.0157988
-1281.08 0.0179196
-1276.28 0.0201563
-1271.47 0.0224907
-1266.67 0.0249027
-1261.86 0.027371
-1257.06 0.0298728
-1252.25 0.032384
-1247.45 0.0348796
-1242.64 0.0373336
-1237.84 0.0397197
-1233.03 0.0420111
-1228.23 0.0441809
-1223.42 0.0462029
-1218.62 0.048051
-1213.81 0.0497005
-1209.01 0.0511277
-1204.2 0.0523108
-1199.4 0.0532302
-1194.59 0.0538683
-1189.79 0.0542108
-1184.98 0.0542463
-1180.18 0.053967
-1175.38 0.053369
-1170.57 0.0524525
-1165.77 0.0512219
-1160.96 0.0496863
-1156.16 0.0478596
-1151.35 0.0457603
-1146.55 0.0434117
-1141.74 0.0408419
-1136.94 0.0380835
-1132.13 0.0351733
-1127.33 0.0321521
-1122.52 0.0290645
-1117.72 0.0259576
-1112.91 0.0228811
-1108.11 0.0198863
-1103.3 0.0170253
-1098.5 0.0143501
-1093.69 0.0119114
-1088.89 0.00975807
-1084.08 0.00793552
-1079.28 0.00648498
-1074.47 0.00544225
-1069.67 0.00483661
-1064.86 0.00468984
-1060.06 0.00501524
-1055.26 0.00581678
-1050.45 0.00708846
-1045.65 0.00881373
-1040.84 0.0109652
-1036.04 0.0135047
-1031.23 0.0163831
-1026.43 0.0195412
-1021.62 0.0229104
-1016.82 0.0264136
-1012.01 0.0299669
-1007.21 0.0334811
-1002.4 0.0368642
-997.598 0.0400229
-992.793 0.0428659
-987.988 0.0453065
-983.183 0.0472649
-978.378 0.0486718
-973.574 0.0494707
-968.769 0.0496207
-963.964 0.0490991
-959.159 0.0479029
-954.354 0.046051
-949.55 0.0435845
-944.745 0.0405672
-939.94 0.0370847
-935.135 0.0332435
-930.33 0.0291678
-925.526 0.024997
-920.721 0.0208808
-915.916 0.0169743
-911.111 0.0134324
-906.306 0.0104035
-901.502 0.00802235
-896.697 0.00640387
-891.892 0.00563629
-887.087 0.0057753
-882.282 0.00683908
-877.477 0.00880452
-872.673 0.0116052
-867.868 0.0151313
-863.063 0.0192317
-858.258 0.0237183
-853.453 0.0283734
-848.649 0.0329585
-843.844 0.037226
-839.039 0.0409323
-834.234 0.043852
-829.429 0.0457927
-824.625 0.0466091
-819.82 0.0462161
-815.015 0.0445985
-810.21 0.0418183
-805.405 0.0380166
-800.601 0.0334109
-795.796 0.0282859
-790.991 0.0229793
-786.186 0.0178612
-781.381 0.0133095
-776.577 0.0096811
-771.772 0.00728235
-766.967 0.00633974
-762.162 0.00697422
-757.357 0.00918173
-752.553 0.0128225
-747.748 0.0176219
-742.943 0.0231831
-738.138 0.0290145
-733.333 0.0345681
-728.529 0.0392895
-723.724 0.0426739
-718.919 0.0443236
-714.114 0.0440007
-709.309 0.0416688
-704.505 0.0375152
-699.7 0.0319504
-694.895 0.0255795
-690.09 0.0191457
-685.285 0.0134484
-680.48 0.00924421
-675.676 0.00714029
-670.871 0.00749564
-666.066 0.0103454
-661.261 0.0153639
-656.456 0.021878
-651.652 0.0289376
-646.847 0.0354408
-642.042 0.0403007
-637.237 0.0426327
-632.432 0.041931
-627.628 0.0381992
-622.823 0.0320029
-618.018 0.024419
-613.213 0.0168755
-608.408 0.0108955
-603.604 0.00778418
-598.799 0.00832048
-593.994 0.0125237
-589.189 0.0195663
-584.384 0.0278805
-579.58 0.0354662
-574.775 0.0403582
-569.97 0.0411518
-565.165 0.0374532
-560.36 0.0301059
-555.556 0.0210845
-550.751 0.0130244
-545.946 0.00846816
-541.141 0.00902579
-536.336 0.0147208
-531.532 0.0237937
-526.727 0.0331264
-521.922 0.0392492
-517.117 0.039649
-512.312 0.0339007
-507.508 0.024102
-502.703 0.0142755
-497.898 0.00879579
-493.093 0.0103868
-488.288 0.0185896
-483.483 0.0295876
-478.679 0.0377759
-473.874 0.0385844
-469.069 0.0312004
-464.264 0.0195409
-459.459 0.0104767
-454.655 0.00984545
-449.85 0.0184399
-445.045 0.0307811
-440.24 0.0382106
-435.435 0.0349453
-430.631 0.0229885
-425.826 0.0115722
-421.021 0.0103236
-416.216 0.020798
-411.411 0.0339125
-406.607 0.037204
-401.802 0.0268894
-396.997 0.0130695
-392.192 0.0106213
-387.387 0.02283
-382.583 0.0358001
-377.778 0.0333891
-372.973 0.0180039
-368.168 0.00996074
-363.363 0.0209838
-358.559 0.0354441
-353.754 0.0309325
-348.949 0.0139791
-344.144 0.0129272
-339.339 0.0302016
-334.535 0.034209
-329.73 0.0166327
-324.925 0.0125665
-320.12 0.0310062
-315.315 0.0314051
-310.511 0.0123717
-305.706 0.0196988
-300.901 0.0351112
-296.096 0.0179314
-291.291 0.0152251
-286.486 0.0345453
-281.682 0.0182593
-276.877 0.0171428
-272.072 0.0340522
-267.267 0.012815
-262.462 0.0271033
-257.658 0.0246465
-252.853 0.0160343
-248.048 0.0319723
-243.243 0.0122437
-238.438 0.0332542
-233.634 0.0120239
-228.829 0.0327253
-224.024 0.0135503
-219.219 0.0285274
-214.414 0.0219392
-209.61 0.0160275
-204.805 0.0324146
-200 0.0184152
