-0.02 0.000224098
-0.01996 0.000210153
-0.0199199 0.000194142
-0.0198799 0.000176581
-0.0198398 0.000158039
-0.0197998 0.000139118
-0.0197598 0.000120433
-0.0197197 0.000102594
-0.0196797 8.61862e-05
-0.0196396 7.17497e-05
-0.0195996 5.97646e-05
-0.0195596 5.06341e-05
-0.0195195 4.46724e-05
-0.0194795 4.2094e-05
-0.0194394 4.30068e-05
-0.0193994 4.74088e-05
-0.0193594 5.51878e-05
-0.0193193 6.61247e-05
-0.0192793 7.99001e-05
-0.0192392 9.61047e-05
-0.0191992 0.000114251
-0.0191592 0.000133791
-0.0191191 0.000154128
-0.0190791 0.000174642
-0.019039 0.000194705
-0.018999 0.0002137
-0.018959 0.000231044
-0.0189189 0.000246202
-0.0188789 0.000258706
-0.0188388 0.000268172
-0.0187988 0.000274307
-0.0187588 0.00027692
-0.0187187 0.000275933
-0.0186787 0.000271375
-0.0186386 0.000263387
-0.0185986 0.000252219
-0.0185586 0.000238218
-0.0185185 0.000221818
-0.0184785 0.00020353
-0.0184384 0.000183924
-0.0183984 0.000163612
-0.0183584 0.000143228
-0.0183183 0.000123412
-0.0182783 0.000104785
-0.0182382 8.79371e-05
-0.0181982 7.34014e-05
-0.0181582 6.16435e-05
-0.0181181 5.3045e-05
-0.0180781 4.78921e-05
-0.018038 4.63665e-05
-0.017998 4.85403e-05
-0.017958 5.4373e-05
-0.0179179 6.37135e-05
-0.0178779 7.63035e-05
-0.0178378 9.17864e-05
-0.0177978 0.000109717
-0.0177578 0.000129575
-0.0177177 0.000150782
-0.0176777 0.000172717
-0.0176376 0.000194736
-0.0175976 0.00021619
-0.0175576 0.000236448
-0.0175175 0.000254911
-0.0174775 0.000271036
-0.0174374 0.000284344
-0.0173974 0.000294444
-0.0173574 0.000301036
-0.0173173 0.000303927
-0.0172773 0.000303031
-0.0172372 0.000298376
-0.0171972 0.000290101
-0.0171572 0.000278452
-0.0171171 0.000263776
-0.0170771 0.000246509
-0.017037 0.000227165
-0.016997 0.00020632
-0.016957 0.000184595
-0.0169169 0.000162637
-0.0168769 0.000141102
-0.0168368 0.000120635
-0.0167968 0.000101849
-0.0167568 8.53105e-05
-0.0167167 7.15213e-05
-0.0166767 6.0903e-05
-0.0166366 5.37862e-05
-0.0165966 5.04001e-05
-0.0165566 5.08662e-05
-0.0165165 5.51945e-05
-0.0164765 6.32834e-05
-0.0164364 7.49224e-05
-0.0163964 8.97986e-05
-0.0163564 0.000107505
-0.0163163 0.000127554
-0.0162763 0.000149388
-0.0162362 0.000172399
-0.0161962 0.000195944
-0.0161562 0.000219364
-0.0161161 0.000242003
-0.0160761 0.000263226
-0.016036 0.000282437
-0.015996 0.000299099
-0.015956 0.000312743
-0.0159159 0.000322987
-0.0158759 0.000329545
-0.0158358 0.000332234
-0.0157958 0.000330979
-0.0157558 0.000325818
-0.0157157 0.000316896
-0.0156757 0.000304468
-0.0156356 0.000288882
-0.0155956 0.000270578
-0.0155556 0.000250072
-0.0155155 0.000227942
-0.0154755 0.00020481
-0.0154354 0.000181328
-0.0153954 0.000158157
-0.0153554 0.000135952
-0.0153153 0.00011534
-0.0152753 9.69042e-05
-0.0152352 8.11701e-05
-0.0151952 6.85879e-05
-0.0151552 5.9522e-05
-0.0151151 5.42404e-05
-0.0150751 5.29079e-05
-0.015035 5.55815e-05
-0.014995 6.22088e-05
-0.014955 7.26298e-05
-0.0149149 8.65813e-05
-0.0148749 0.000103704
-0.0148348 0.000123553
-0.0147948 0.000145608
-0.0147548 0.000169291
-0.0147147 0.000193978
-0.0146747 0.000219019
-0.0146346 0.000243753
-0.0145946 0.000267527
-0.0145546 0.000289716
-0.0145145 0.000309733
-0.0144745 0.000327051
-0.0144344 0.000341216
-0.0143944 0.000351854
-0.0143544 0.000358688
-0.0143143 0.000361538
-0.0142743 0.000360333
-0.0142342 0.000355107
-0.0141942 0.000345999
-0.0141542 0.000333251
-0.0141141 0.000317201
-0.0140741 0.000298272
-0.014034 0.000276964
-0.013994 0.000253838
-0.013954 0.000229502
-0.0139139 0.000204597
-0.0138739 0.000179777
-0.0138338 0.000155695
-0.0137938 0.000132984
-0.0137538 0.000112243
-0.0137137 9.40188e-05
-0.0136737 7.87941e-05
-0.0136336 6.6975e-05
-0.0135936 5.88801e-05
-0.0135536 5.4733e-05
-0.0135135 5.46567e-05
-0.0134735 5.86705e-05
-0.0134334 6.66902e-05
-0.0133934 7.85299e-05
-0.0133534 9.39073e-05
-0.0133133 0.000112451
-0.0132733 0.00013371
-0.0132332 0.000157164
-0.0131932 0.000182241
-0.0131532 0.000208325
-0.0131131 0.000234778
-0.0130731 0.00026095
-0.013033 0.000286201
-0.012993 0.000309912
-0.012953 0.000331505
-0.0129129 0.000350451
-0.0128729 0.000366291
-0.0128328 0.000378637
-0.0127928 0.000387193
-0.0127528 0.000391751
-0.0127127 0.000392204
-0.0126727 0.000388545
-0.0126326 0.000380864
-0.0125926 0.000369352
-0.0125526 0.000354293
-0.0125125 0.000336053
-0.0124725 0.000315078
-0.0124324 0.000291878
-0.0123924 0.000267016
-0.0123524 0.000241096
-0.0123123 0.000214744
-0.0122723 0.000188599
-0.0122322 0.000163292
-0.0121922 0.000139434
-0.0121522 0.000117603
-0.0121121 9.83269e-05
-0.0120721 8.20729e-05
-0.012032 6.9237e-05
-0.011992 6.01342e-05
-0.011952 5.49921e-05
-0.0119119 5.3945e-05
-0.0118719 5.70318e-05
-0.0118318 6.4195e-05
-0.0117918 7.52824e-05
-0.0117518 9.00512e-05
-0.0117117 0.000108174
-0.0116717 0.000129245
-0.0116316 0.000152793
-0.0115916 0.000178289
-0.0115516 0.00020516
-0.0115115 0.000232805
-0.0114715 0.000260601
-0.0114314 0.000287927
-0.0113914 0.000314171
-0.0113514 0.000338746
-0.0113113 0.000361106
-0.0112713 0.000380753
-0.0112312 0.000397252
-0.0111912 0.000410238
-0.0111512 0.000419425
-0.0111111 0.000424615
-0.0110711 0.000425695
-0.011031 0.000422646
-0.010991 0.00041554
-0.010951 0.000404538
-0.0109109 0.000389887
-0.0108709 0.000371913
-0.0108308 0.000351015
-0.0107908 0.000327655
-0.0107508 0.000302349
-0.0107107 0.000275651
-0.0106707 0.000248149
-0.0106306 0.000220444
-0.0105906 0.00019314
-0.0105506 0.000166835
-0.0105105 0.000142101
-0.0104705 0.000119476
-0.0104304 9.94521e-05
-0.0103904 8.24661e-05
-0.0103504 6.88883e-05
-0.0103103 5.90165e-05
-0.0102703 5.30695e-05
-0.0102302 5.1183e-05
-0.0101902 5.34072e-05
-0.0101502 5.9706e-05
-0.0101101 6.99584e-05
-0.0100701 8.39609e-05
-0.01003 0.000101433
-0.00998999 0.000122022
-0.00994995 0.000145313
-0.00990991 0.000170836
-0.00986987 0.000198074
-0.00982983 0.000226479
-0.00978979 0.000255479
-0.00974975 0.000284491
-0.00970971 0.000312934
-0.00966967 0.000340238
-0.00962963 0.000365861
-0.00958959 0.000389292
-0.00954955 0.000410067
-0.00950951 0.000427778
-0.00946947 0.000442077
-0.00942943 0.000452686
-0.00938939 0.000459399
-0.00934935 0.00046209
-0.00930931 0.000460712
-0.00926927 0.000455297
-0.00922923 0.000445959
-0.00918919 0.000432884
-0.00914915 0.000416334
-0.00910911 0.000396637
-0.00906907 0.000374181
-0.00902903 0.000349404
-0.00898899 0.000322792
-0.00894895 0.000294861
-0.00890891 0.000266152
-0.00886887 0.000237221
-0.00882883 0.000208623
-0.00878879 0.000180909
-0.00874875 0.000154609
-0.00870871 0.000130226
-0.00866867 0.000108226
-0.00862863 8.90274e-05
-0.00858859 7.29961e-05
-0.00854855 6.0438e-05
-0.00850851 5.15933e-05
-0.00846847 4.66332e-05
-0.00842843 4.56563e-05
-0.00838839 4.86883e-05
-0.00834835 5.5681e-05
-0.00830831 6.65142e-05
-0.00826827 8.09982e-05
-0.00822823 9.88778e-05
-0.00818819 0.000119837
-0.00814815 0.000143506
-0.00810811 0.000169466
-0.00806807 0.000197261
-0.00802803 0.000226402
-0.00798799 0.000256378
-0.00794795 0.000286665
-0.00790791 0.000316735
-0.00786787 0.000346067
-0.00782783 0.000374153
-0.00778779 0.00040051
-0.00774775 0.000424685
-0.00770771 0.000446267
-0.00766767 0.00046489
-0.00762763 0.000480239
-0.00758759 0.000492059
-0.00754755 0.000500155
-0.00750751 0.000504396
-0.00746747 0.000504718
-0.00742743 0.000501123
-0.00738739 0.000493679
-0.00734735 0.00048252
-0.00730731 0.00046784
-0.00726727 0.000449892
-0.00722723 0.000428983
-0.00718719 0.000405466
-0.00714715 0.000379738
-0.00710711 0.000352229
-0.00706707 0.000323397
-0.00702703 0.000293722
-0.00698699 0.000263692
-0.00694695 0.000233803
-0.00690691 0.000204542
-0.00686687 0.000176389
-0.00682683 0.0001498
-0.00678679 0.000125208
-0.00674675 0.000103009
-0.00670671 8.3562e-05
-0.00666667 6.71807e-05
-0.00662663 5.41292e-05
-0.00658659 4.46189e-05
-0.00654655 3.88052e-05
-0.00650651 3.67859e-05
-0.00646647 3.86e-05
-0.00642643 4.42276e-05
-0.00638639 5.35911e-05
-0.00634635 6.65562e-05
-0.00630631 8.29351e-05
-0.00626627 0.000102489
-0.00622623 0.000124934
-0.00618619 0.000149943
-0.00614615 0.000177152
-0.00610611 0.000206167
-0.00606607 0.00023657
-0.00602603 0.000267922
-0.00598599 0.000299773
-0.00594595 0.000331668
-0.00590591 0.000363153
-0.00586587 0.000393781
-0.00582583 0.000423118
-0.00578579 0.000450752
-0.00574575 0.000476294
-0.00570571 0.000499388
-0.00566567 0.000519711
-0.00562563 0.000536981
-0.00558559 0.00055096
-0.00554555 0.000561454
-0.00550551 0.00056832
-0.00546547 0.000571464
-0.00542543 0.000570844
-0.00538539 0.000566469
-0.00534535 0.0005584
-0.00530531 0.000546749
-0.00526527 0.000531676
-0.00522523 0.000513388
-0.00518519 0.000492137
-0.00514515 0.000468213
-0.00510511 0.000441945
-0.00506507 0.000413693
-0.00502503 0.000383846
-0.00498498 0.000352814
-0.00494494 0.000321025
-0.0049049 0.000288917
-0.00486486 0.000256937
-0.00482482 0.000225527
-0.00478478 0.000195127
-0.00474474 0.000166162
-0.0047047 0.00013904
-0.00466466 0.000114144
-0.00462462 9.18287e-05
-0.00458458 7.24142e-05
-0.00454454 5.61808e-05
-0.0045045 4.33654e-05
-0.00446446 3.41574e-05
-0.00442442 2.86956e-05
-0.00438438 2.70657e-05
-0.00434434 2.92982e-05
-0.0043043 3.53679e-05
-0.00426426 4.51929e-05
-0.00422422 5.8636e-05
-0.00418418 7.55052e-05
-0.00414414 9.55568e-05
-0.0041041 0.000118498
-0.00406406 0.000143992
-0.00402402 0.000171659
-0.00398398 0.000201089
-0.00394394 0.000231839
-0.0039039 0.000263448
-0.00386386 0.000295439
-0.00382382 0.000327328
-0.00378378 0.000358634
-0.00374374 0.000388883
-0.0037037 0.00041762
-0.00366366 0.000444416
-0.00362362 0.000468873
-0.00358358 0.000490636
-0.00354354 0.000509394
-0.0035035 0.000524889
-0.00346346 0.000536921
-0.00342342 0.000545352
-0.00338338 0.000550103
-0.00334334 0.000551166
-0.0033033 0.000548594
-0.00326326 0.000542506
-0.00322322 0.00053308
-0.00318318 0.000520554
-0.00314314 0.000505218
-0.0031031 0.000487407
-0.00306306 0.000467495
-0.00302302 0.000445886
-0.00298298 0.000423007
-0.00294294 0.000399293
-0.0029029 0.000375184
-0.00286286 0.00035111
-0.00282282 0.000327481
-0.00278278 0.00030468
-0.00274274 0.000283053
-0.0027027 0.000262898
-0.00266266 0.000244461
-0.00262262 0.00022793
-0.00258258 0.000213431
-0.00254254 0.00020102
-0.0025025 0.00019069
-0.00246246 0.000182368
-0.00242242 0.000175917
-0.00238238 0.000171142
-0.00234234 0.000167798
-0.0023023 0.000165595
-0.00226226 0.000164213
-0.00222222 0.000163307
-0.00218218 0.000162526
-0.00214214 0.000161522
-0.0021021 0.000159968
-0.00206206 0.000157568
-0.00202202 0.000154074
-0.00198198 0.0001493
-0.00194194 0.000143132
-0.0019019 0.000135544
-0.00186186 0.000126604
-0.00182182 0.000116482
-0.00178178 0.000105461
-0.00174174 9.39343e-05
-0.0017017 8.24075e-05
-0.00166166 7.14984e-05
-0.00162162 6.19296e-05
-0.00158158 5.4521e-05
-0.00154154 5.01782e-05
-0.0015015 4.98788e-05
-0.00146146 5.46554e-05
-0.00142142 6.55767e-05
-0.00138138 8.37263e-05
-0.00134134 0.00011018
-0.0013013 0.000145982
-0.00126126 0.000192119
-0.00122122 0.000249498
-0.00118118 0.000318918
-0.00114114 0.000401049
-0.0011011 0.000496409
-0.00106106 0.000605341
-0.00102102 0.000728001
-0.000980981 0.000864336
-0.000940941 0.00101408
-0.000900901 0.00117674
-0.000860861 0.00135158
-0.000820821 0.00153767
-0.000780781 0.00173383
-0.000740741 0.00193866
-0.000700701 0.00215058
-0.000660661 0.00236781
-0.000620621 0.00258843
-0.000580581 0.00281035
-0.000540541 0.00303142
-0.000500501 0.00324936
-0.00046046 0.00346188
-0.00042042 0.00366669
-0.00038038 0.00386149
-0.00034034 0.0040441
-0.0003003 0.00421238
-0.00026026 0.00436437
-0.00022022 0.00449825
-0.00018018 0.00461242
-0.00014014 0.00470549
-0.0001001 0.00477631
-6.00601e-05 0.00482402
-2.002e-05 0.00484802
2.002e-05 0.00484802
6.00601e-05 0.00482402
0.0001001 0.00477631
0.00014014 0.00470549
0.00018018 0.00461242
0.00022022 0.00449825
0.00026026 0.00436437
0.0003003 0.00421238
0.00034034 0.0040441
0.00038038 0.00386149
0.00042042 0.00366669
0.00046046 0.00346188
0.000500501 0.00324936
0.000540541 0.00303142
0.000580581 0.00281035
0.000620621 0.00258843
0.000660661 0.00236781
0.000700701 0.00215058
0.000740741 0.00193866
0.000780781 0.00173383
0.000820821 0.00153767
0.000860861 0.00135158
0.000900901 0.00117674
0.000940941 0.00101408
0.000980981 0.000864336
0.00102102 0.000728001
0.00106106 0.000605341
0.0011011 0.000496409
0.00114114 0.000401049
0.00118118 0.000318918
0.00122122 0.000249498
0.00126126 0.000192119
0.0013013 0.000145982
0.00134134 0.00011018
0.00138138 8.37263e-05
0.00142142 6.55767e-05
0.00146146 5.46554e-05
0.0015015 4.98788e-05
0.00154154 5.01782e-05
0.00158158 5.4521e-05
0.00162162 6.19296e-05
0.00166166 7.14984e-05
0.0017017 8.24075e-05
0.00174174 9.39343e-05
0.00178178 0.000105461
0.00182182 0.000116482
0.00186186 0.000126604
0.0019019 0.000135544
0.00194194 0.000143132
0.00198198 0.0001493
0.00202202 0.000154074
0.00206206 0.000157568
0.0021021 0.000159968
0.00214214 0.000161522
0.00218218 0.000162526
0.00222222 0.000163307
0.00226226 0.000164213
0.0023023 0.000165595
0.00234234 0.000167798
0.00238238 0.000171142
0.00242242 0.000175917
0.00246246 0.000182368
0.0025025 0.00019069
0.00254254 0.00020102
0.00258258 0.000213431
0.00262262 0.00022793
0.00266266 0.000244461
0.0027027 0.000262898
0.00274274 0.000283053
0.00278278 0.00030468
0.00282282 0.000327481
0.00286286 0.00035111
0.0029029 0.000375184
0.00294294 0.000399293
0.00298298 0.000423007
0.00302302 0.000445886
0.00306306 0.000467495
0.0031031 0.000487407
0.00314314 0.000505218
0.00318318 0.000520554
0.00322322 0.00053308
0.00326326 0.000542506
0.0033033 0.000548594
0.00334334 0.000551166
0.00338338 0.000550103
0.00342342 0.000545352
0.00346346 0.000536921
0.0035035 0.000524889
0.00354354 0.000509394
0.00358358 0.000490636
0.00362362 0.000468873
0.00366366 0.000444416
0.0037037 0.00041762
0.00374374 0.000388883
0.00378378 0.000358634
0.00382382 0.000327328
0.00386386 0.000295439
0.0039039 0.000263448
0.00394394 0.000231839
0.00398398 0.000201089
0.00402402 0.000171659
0.00406406 0.000143992
0.0041041 0.000118498
0.00414414 9.55568e-05
0.00418418 7.55052e-05
0.00422422 5.8636e-05
0.00426426 4.51929e-05
0.0043043 3.53679e-05
0.00434434 2.92982e-05
0.00438438 2.70657e-05
0.00442442 2.86956e-05
0.00446446 3.41574e-05
0.0045045 4.33654e-05
0.00454454 5.61808e-05
0.00458458 7.24142e-05
0.00462462 9.18287e-05
0.00466466 0.000114144
0.0047047 0.00013904
0.00474474 0.000166162
0.00478478 0.000195127
0.00482482 0.000225527
0.00486486 0.000256937
0.0049049 0.000288917
0.00494494 0.000321025
0.00498498 0.000352814
0.00502503 0.000383846
0.00506507 0.000413693
0.00510511 0.000441945
0.00514515 0.000468213
0.00518519 0.000492137
0.00522523 0.000513388
0.00526527 0.000531676
0.00530531 0.000546749
0.00534535 0.0005584
0.00538539 0.000566469
0.00542543 0.000570844
0.00546547 0.000571464
0.00550551 0.00056832
0.00554555 0.000561454
0.00558559 0.00055096
0.00562563 0.000536981
0.00566567 0.000519711
0.00570571 0.000499388
0.00574575 0.000476294
0.00578579 0.000450752
0.00582583 0.000423118
0.00586587 0.000393781
0.00590591 0.000363153
0.00594595 0.000331668
0.00598599 0.000299773
0.00602603 0.000267922
0.00606607 0.00023657
0.00610611 0.000206167
0.00614615 0.000177152
0.00618619 0.000149943
0.00622623 0.000124934
0.00626627 0.000102489
0.00630631 8.29351e-05
0.00634635 6.65562e-05
0.00638639 5.35911e-05
0.00642643 4.42276e-05
0.00646647 3.86e-05
0.00650651 3.67859e-05
0.00654655 3.88052e-05
0.00658659 4.46189e-05
0.00662663 5.41292e-05
0.00666667 6.71807e-05
0.00670671 8.3562e-05
0.00674675 0.000103009
0.00678679 0.000125208
0.00682683 0.0001498
0.00686687 0.000176389
0.00690691 0.000204542
0.00694695 0.000233803
0.00698699 0.000263692
0.00702703 0.000293722
0.00706707 0.000323397
0.00710711 0.000352229
0.00714715 0.000379738
0.00718719 0.000405466
0.00722723 0.000428983
0.00726727 0.000449892
0.00730731 0.00046784
0.00734735 0.00048252
0.00738739 0.000493679
0.00742743 0.000501123
0.00746747 0.000504718
0.00750751 0.000504396
0.00754755 0.000500155
0.00758759 0.000492059
0.00762763 0.000480239
0.00766767 0.00046489
0.00770771 0.000446267
0.00774775 0.000424685
0.00778779 0.00040051
0.00782783 0.000374153
0.00786787 0.000346067
0.00790791 0.000316735
0.00794795 0.000286665
0.00798799 0.000256378
0.00802803 0.000226402
0.00806807 0.000197261
0.00810811 0.000169466
0.00814815 0.000143506
0.00818819 0.000119837
0.00822823 9.88778e-05
0.00826827 8.09982e-05
0.00830831 6.65142e-05
0.00834835 5.5681e-05
0.00838839 4.86883e-05
0.00842843 4.56563e-05
0.00846847 4.66332e-05
0.00850851 5.15933e-05
0.00854855 6.0438e-05
0.00858859 7.29961e-05
0.00862863 8.90274e-05
0.00866867 0.000108226
0.00870871 0.000130226
0.00874875 0.000154609
0.00878879 0.000180909
0.00882883 0.000208623
0.00886887 0.000237221
0.00890891 0.000266152
0.00894895 0.000294861
0.00898899 0.000322792
0.00902903 0.000349404
0.00906907 0.000374181
0.00910911 0.000396637
0.00914915 0.000416334
0.00918919 0.000432884
0.00922923 0.000445959
0.00926927 0.000455297
0.00930931 0.000460712
0.00934935 0.00046209
0.00938939 0.000459399
0.00942943 0.000452686
0.00946947 0.000442077
0.00950951 0.000427778
0.00954955 0.000410067
0.00958959 0.000389292
0.00962963 0.000365861
0.00966967 0.000340238
0.00970971 0.000312934
0.00974975 0.000284491
0.00978979 0.000255479
0.00982983 0.000226479
0.00986987 0.000198074
0.00990991 0.000170836
0.00994995 0.000145313
0.00998999 0.000122022
0.01003 0.000101433
0.0100701 8.39609e-05
0.0101101 6.99584e-05
0.0101502 5.9706e-05
0.0101902 5.34072e-05
0.0102302 5.1183e-05
0.0102703 5.30695e-05
0.0103103 5.90165e-05
0.0103504 6.88883e-05
0.0103904 8.24661e-05
0.0104304 9.94521e-05
0.0104705 0.000119476
0.0105105 0.000142101
0.0105506 0.000166835
0.0105906 0.00019314
0.0106306 0.000220444
0.0106707 0.000248149
0.0107107 0.000275651
0.0107508 0.000302349
0.0107908 0.000327655
0.0108308 0.000351015
0.0108709 0.000371913
0.0109109 0.000389887
0.010951 0.000404538
0.010991 0.00041554
0.011031 0.000422646
0.0110711 0.000425695
0.0111111 0.000424615
0.0111512 0.000419425
0.0111912 0.000410238
0.0112312 0.000397252
0.0112713 0.000380753
0.0113113 0.000361106
0.0113514 0.000338746
0.0113914 0.000314171
0.0114314 0.000287927
0.0114715 0.000260601
0.0115115 0.000232805
0.0115516 0.00020516
0.0115916 0.000178289
0.0116316 0.000152793
0.0116717 0.000129245
0.0117117 0.000108174
0.0117518 9.00512e-05
0.0117918 7.52824e-05
0.0118318 6.4195e-05
0.0118719 5.70318e-05
0.0119119 5.3945e-05
0.011952 5.49921e-05
0.011992 6.01342e-05
0.012032 6.9237e-05
0.0120721 8.20729e-05
0.0121121 9.83269e-05
0.0121522 0.000117603
0.0121922 0.000139434
0.0122322 0.000163292
0.0122723 0.000188599
0.0123123 0.000214744
0.0123524 0.000241096
0.0123924 0.000267016
0.0124324 0.000291878
0.0124725 0.000315078
0.0125125 0.000336053
0.0125526 0.000354293
0.0125926 0.000369352
0.0126326 0.000380864
0.0126727 0.000388545
0.0127127 0.000392204
0.0127528 0.000391751
0.0127928 0.000387193
0.0128328 0.000378637
0.0128729 0.000366291
0.0129129 0.000350451
0.012953 0.000331505
0.012993 0.000309912
0.013033 0.000286201
0.0130731 0.00026095
0.0131131 0.000234778
0.0131532 0.000208325
0.0131932 0.000182241
0.0132332 0.000157164
0.0132733 0.00013371
0.0133133 0.000112451
0.0133534 9.39073e-05
0.0133934 7.85299e-05
0.0134334 6.66902e-05
0.0134735 5.86705e-05
0.0135135 5.46567e-05
0.0135536 5.4733e-05
0.0135936 5.88801e-05
0.0136336 6.6975e-05
0.0136737 7.87941e-05
0.0137137 9.40188e-05
0.0137538 0.000112243
0.0137938 0.000132984
0.0138338 0.000155695
0.0138739 0.000179777
0.0139139 0.000204597
0.013954 0.000229502
0.013994 0.000253838
0.014034 0.000276964
0.0140741 0.000298272
0.0141141 0.000317201
0.0141542 0.000333251
0.0141942 0.000345999
0.0142342 0.000355107
0.0142743 0.000360333
0.0143143 0.000361538
0.0143544 0.000358688
0.0143944 0.000351854
0.0144344 0.000341216
0.0144745 0.000327051
0.0145145 0.000309733
0.0145546 0.000289716
0.0145946 0.000267527
0.0146346 0.000243753
0.0146747 0.000219019
0.0147147 0.000193978
0.0147548 0.000169291
0.0147948 0.000145608
0.0148348 0.000123553
0.0148749 0.000103704
0.0149149 8.65813e-05
0.014955 7.26298e-05
0.014995 6.22088e-05
0.015035 5.55815e-05
0.0150751 5.29079e-05
0.0151151 5.42404e-05
0.0151552 5.9522e-05
0.0151952 6.85879e-05
0.0152352 8.11701e-05
0.0152753 9.69042e-05
0.0153153 0.00011534
0.0153554 0.000135952
0.0153954 0.000158157
0.0154354 0.000181328
0.0154755 0.00020481
0.0155155 0.000227942
0.0155556 0.000250072
0.0155956 0.000270578
0.0156356 0.000288882
0.0156757 0.000304468
0.0157157 0.000316896
0.0157558 0.000325818
0.0157958 0.000330979
0.0158358 0.000332234
0.0158759 0.000329545
0.0159159 0.000322987
0.015956 0.000312743
0.015996 0.000299099
0.016036 0.000282437
0.0160761 0.000263226
0.0161161 0.000242003
0.0161562 0.000219364
0.0161962 0.000195944
0.0162362 0.000172399
0.0162763 0.000149388
0.0163163 0.000127554
0.0163564 0.000107505
0.0163964 8.97986e-05
0.0164364 7.49224e-05
0.0164765 6.32834e-05
0.0165165 5.51945e-05
0.0165566 5.08662e-05
0.0165966 5.04001e-05
0.0166366 5.37862e-05
0.0166767 6.0903e-05
0.0167167 7.15213e-05
0.0167568 8.53105e-05
0.0167968 0.000101849
0.0168368 0.000120635
0.0168769 0.000141102
0.0169169 0.000162637
0.016957 0.000184595
0.016997 0.00020632
0.017037 0.000227165
0.0170771 0.000246509
0.0171171 0.000263776
0.0171572 0.000278452
0.0171972 0.000290101
0.0172372 0.000298376
0.0172773 0.000303031
0.0173173 0.000303927
0.0173574 0.000301036
0.0173974 0.000294444
0.0174374 0.000284344
0.0174775 0.000271036
0.0175175 0.000254911
0.0175576 0.000236448
0.0175976 0.00021619
0.0176376 0.000194736
0.0176777 0.000172717
0.0177177 0.000150782
0.0177578 0.000129575
0.0177978 0.000109717
0.0178378 9.17864e-05
0.0178779 7.63035e-05
0.0179179 6.37135e-05
0.017958 5.4373e-05
0.017998 4.85403e-05
0.018038 4.63665e-05
0.0180781 4.78921e-05
0.0181181 5.3045e-05
0.0181582 6.16435e-05
0.0181982 7.34014e-05
0.0182382 8.79371e-05
0.0182783 0.000104785
0.0183183 0.000123412
0.0183584 0.000143228
0.0183984 0.000163612
0.0184384 0.000183924
0.0184785 0.00020353
0.0185185 0.000221818
0.0185586 0.000238218
0.0185986 0.000252219
0.0186386 0.000263387
0.0186787 0.000271375
0.0187187 0.000275933
0.0187588 0.00027692
0.0187988 0.000274307
0.0188388 0.000268172
0.0188789 0.000258706
0.0189189 0.000246202
0.018959 0.000231044
0.018999 0.0002137
0.019039 0.000194705
0.0190791 0.000174642
0.0191191 0.000154128
0.0191592 0.000133791
0.0191992 0.000114251
0.0192392 9.61047e-05
0.0192793 7.99001e-05
0.0193193 6.61247e-05
0.0193594 5.51878e-05
0.0193994 4.74088e-05
0.0194394 4.30068e-05
0.0194795 4.2094e-05
0.0195195 4.46724e-05
0.0195596 5.06341e-05
0.0195996 5.97646e-05
0.0196396 7.17497e-05
0.0196797 8.61862e-05
0.0197197 0.000102594
0.0197598 0.000120433
0.0197998 0.000139118
0.0198398 0.000158039
0.0198799 0.000176581
0.0199199 0.000194142
0.01996 0.000210153
0.02 0.000224098
