200 0.00206154
204.805 0.00274624
209.61 0.00340423
214.414 0.00306878
219.219 0.00174027
224.024 0.00177624
228.829 0.00341998
233.634 0.00249607
238.438 0.00159956
243.243 0.00357631
248.048 0.00173911
252.853 0.00281007
257.658 0.00261282
262.462 0.00217694
267.267 0.00299622
272.072 0.00208603
276.877 0.00286777
281.682 0.00250101
286.486 0.00222385
291.291 0.00336511
296.096 0.00141116
300.901 0.00381097
305.706 0.00180843
310.511 0.00248651
315.315 0.00363719
320.12 0.00133999
324.925 0.00310094
329.73 0.00345103
334.535 0.00130757
339.339 0.00297906
344.144 0.00378265
348.949 0.00155109
353.754 0.0021422
358.559 0.00407473
363.363 0.00270334
368.168 0.00125828
372.973 0.00296021
377.778 0.00414921
382.583 0.00242801
387.387 0.0012468
392.192 0.00282466
396.997 0.00426283
401.802 0.00309454
406.607 0.00134534
411.411 0.00182908
416.216 0.00375146
421.021 0.00426128
425.826 0.00269818
430.631 0.00125431
435.435 0.00181126
440.24 0.00361775
445.045 0.00447695
449.85 0.00344213
454.655 0.00173413
459.459 0.00120334
464.264 0.00236049
469.069 0.00401572
473.874 0.0045925
478.679 0.00361182
483.483 0.00199716
488.288 0.00114201
493.093 0.00172186
497.898 0.00323854
502.703 0.00452134
507.508 0.00465279
512.312 0.00358829
517.117 0.00209574
521.922 0.00116864
526.727 0.00137538
531.532 0.00255639
536.336 0.00399222
541.141 0.00486874
545.946 0.00473303
550.751 0.0036968
555.556 0.00232291
560.36 0.00130247
565.165 0.00111223
569.97 0.0018156
574.775 0.00307476
579.58 0.00433544
584.384 0.0050791
589.189 0.00502888
593.994 0.00423466
598.799 0.00302315
603.604 0.00185215
608.408 0.00113601
613.213 0.00110744
618.018 0.00175704
622.823 0.00285868
627.628 0.00405994
632.432 0.00500031
637.237 0.00541758
642.042 0.00521357
646.847 0.00446645
651.652 0.00339413
656.456 0.00228534
661.261 0.00142065
666.066 0.0010047
670.871 0.00112425
675.676 0.00173842
680.48 0.00269888
685.285 0.0037912
690.09 0.00478572
694.895 0.00548591
699.7 0.00576464
704.505 0.00558302
709.309 0.0049903
714.114 0.00410761
718.919 0.00310049
723.724 0.00214665
728.529 0.00140513
733.333 0.000991798
738.138 0.000964431
742.943 0.00131841
747.748 0.00199239
752.553 0.00288182
757.357 0.00385723
762.162 0.00478418
766.967 0.00554185
771.772 0.00603785
776.577 0.0062179
781.381 0.0060697
786.186 0.00562118
790.991 0.00493415
795.796 0.00409459
800.601 0.00320116
805.405 0.00235339
810.21 0.00164098
815.015 0.00113518
819.82 0.000882879
824.625 0.000903748
829.429 0.00119033
834.234 0.00171071
839.039 0.00241322
843.844 0.00323252
848.649 0.00409628
853.453 0.0049319
858.258 0.00567255
863.063 0.00626225
867.868 0.00665955
872.673 0.00683974
877.477 0.00679553
882.282 0.00653642
887.087 0.00608685
891.892 0.00548341
896.697 0.00477155
901.502 0.00400183
906.306 0.00322631
911.111 0.00249507
915.916 0.00185318
920.721 0.00133829
925.526 0.000978842
930.33 0.000792999
935.135 0.000788309
939.94 0.000961956
944.745 0.0013016
949.55 0.00178666
954.354 0.00238992
959.159 0.00307938
963.964 0.00382015
968.769 0.00457634
973.574 0.00531289
978.378 0.00599712
983.183 0.00660013
987.988 0.00709782
992.793 0.00747168
997.598 0.00770923
1002.4 0.00780416
1007.21 0.00775625
1012.01 0.00757093
1016.82 0.00725881
1021.62 0.00683485
1026.43 0.00631762
1031.23 0.00572831
1036.04 0.00508987
1040.84 0.00442601
1045.65 0.0037604
1050.45 0.00311581
1055.26 0.00251343
1060.06 0.00197223
1064.86 0.00150854
1069.67 0.00113563
1074.47 0.000863525
1079.28 0.000698863
1084.08 0.000644913
1088.89 0.000701671
1093.69 0.000866049
1098.5 0.00113214
1103.3 0.00149155
1108.11 0.00193375
1112.91 0.00244649
1117.72 0.00301622
1122.52 0.00362848
1127.33 0.00426835
1132.13 0.0049208
1136.94 0.00557107
1141.74 0.00620503
1146.55 0.0068094
1151.35 0.00737209
1156.16 0.00788234
1160.96 0.00833087
1165.77 0.00871005
1170.57 0.00901394
1175.38 0.0092383
1180.18 0.00938061
1184.98 0.00944002
1189.79 0.00941725
1194.59 0.00931454
1199.4 0.00913548
1204.2 0.00888488
1209.01 0.00856865
1213.81 0.00819359
1218.62 0.00776727
1223.42 0.00729781
1228.23 0.00679375
1233.03 0.00626391
1237.84 0.00571715
1242.64 0.00516233
1247.45 0.00460809
1252.25 0.00406279
1257.06 0.00353435
1261.86 0.00303019
1266.67 0.00255714
1271.47 0.00212136
1276.28 0.00172834
1281.08 0.00138277
1285.89 0.0010886
1290.69 0.000849001
1295.5 0.000666343
1300.3 0.000542229
1305.11 0.000477509
1309.91 0.000472307
1314.71 0.000526053
1319.52 0.000637534
1324.32 0.000804931
1329.13 0.00102588
1333.93 0.00129751
1338.74 0.00161654
1343.54 0.00197927
1348.35 0.00238171
1353.15 0.00281959
1357.96 0.00328844
1362.76 0.00378363
1367.57 0.00430046
1372.37 0.00483416
1377.18 0.00537997
1381.98 0.00593317
1386.79 0.00648915
1391.59 0.00704341
1396.4 0.00759163
1401.2 0.00812967
1406.01 0.0086536
1410.81 0.00915975
1415.62 0.00964472
1420.42 0.0101054
1425.23 0.0105388
1430.03 0.0109426
1434.83 0.0113143
1439.64 0.0116522
1444.44 0.0119545
1449.25 0.01222
1454.05 0.0124476
1458.86 0.0126365
1463.66 0.0127864
1468.47 0.012897
1473.27 0.0129684
1478.08 0.013001
1482.88 0.0129953
1487.69 0.0129521
1492.49 0.0128724
1497.3 0.0127573
1502.1 0.0126083
1506.91 0.0124268
1511.71 0.0122144
1516.52 0.0119729
1521.32 0.0117041
1526.13 0.0114101
1530.93 0.0110929
1535.74 0.0107545
1540.54 0.0103971
1545.35 0.0100228
1550.15 0.00963378
1554.95 0.00923231
1559.76 0.00882052
1564.56 0.00840059
1569.37 0.00797464
1574.17 0.00754477
1578.98 0.00711305
1583.78 0.00668146
1588.59 0.00625196
1593.39 0.00582642
1598.2 0.00540664
1603 0.00499434
1607.81 0.00459117
1612.61 0.00419868
1617.42 0.00381836
1622.22 0.00345158
1627.03 0.00309963
1631.83 0.00276371
1636.64 0.00244493
1641.44 0.0021443
1646.25 0.00186273
1651.05 0.00160106
1655.86 0.00136001
1660.66 0.00114023
1665.47 0.000942288
1670.27 0.00076664
1675.08 0.000613678
1679.88 0.000483706
1684.68 0.000376951
1689.49 0.000293564
1694.29 0.00023362
1699.1 0.000197128
1703.9 0.000184027
1708.71 0.000194197
1713.51 0.000227452
1718.32 0.000283554
1723.12 0.000362209
1727.93 0.000463074
1732.73 0.00058576
1737.54 0.000729832
1742.34 0.000894818
1747.15 0.00108021
1751.95 0.00128546
1756.76 0.00150999
1761.56 0.00175321
1766.37 0.00201448
1771.17 0.00229316
1775.98 0.00258859
1780.78 0.00290007
1785.59 0.00322692
1790.39 0.00356842
1795.2 0.00392386
1800 0.00429252
1804.8 0.00467366
1809.61 0.00506655
1814.41 0.00547048
1819.22 0.0058847
1824.02 0.00630849
1828.83 0.00674112
1833.63 0.0071819
1838.44 0.0076301
1843.24 0.00808502
1848.05 0.00854599
1852.85 0.00901231
1857.66 0.00948333
1862.46 0.00995839
1867.27 0.0104369
1872.07 0.0109181
1876.88 0.0114015
1881.68 0.0118865
1886.49 0.0123725
1891.29 0.0128589
1896.1 0.0133453
1900.9 0.013831
1905.71 0.0143155
1910.51 0.0147985
1915.32 0.0152793
1920.12 0.0157577
1924.92 0.016233
1929.73 0.0167049
1934.53 0.017173
1939.34 0.017637
1944.14 0.0180964
1948.95 0.018551
1953.75 0.0190003
1958.56 0.0194441
1963.36 0.0198821
1968.17 0.0203141
1972.97 0.0207396
1977.78 0.0211586
1982.58 0.0215708
1987.39 0.021976
1992.19 0.0223739
1997 0.0227645
2001.8 0.0231475
2006.61 0.0235228
2011.41 0.0238902
2016.22 0.0242497
2021.02 0.024601
2025.83 0.0249442
2030.63 0.0252792
2035.44 0.0256057
2040.24 0.0259239
2045.05 0.0262336
2049.85 0.0265348
2054.65 0.0268275
2059.46 0.0271117
2064.26 0.0273873
2069.07 0.0276543
2073.87 0.0279127
2078.68 0.0281626
2083.48 0.028404
2088.29 0.0286369
2093.09 0.0288613
2097.9 0.0290773
2102.7 0.0292849
2107.51 0.0294842
2112.31 0.0296753
2117.12 0.0298582
2121.92 0.030033
2126.73 0.0301997
2131.53 0.0303585
2136.34 0.0305094
2141.14 0.0306526
2145.95 0.030788
2150.75 0.0309159
2155.56 0.0310363
2160.36 0.0311492
2165.17 0.0312549
2169.97 0.0313535
2174.77 0.0314449
2179.58 0.0315294
2184.38 0.0316071
2189.19 0.031678
2193.99 0.0317423
2198.8 0.0318002
2203.6 0.0318516
2208.41 0.0318968
2213.21 0.0319359
2218.02 0.0319689
2222.82 0.0319961
2227.63 0.0320174
2232.43 0.0320332
2237.24 0.0320434
2242.04 0.0320482
2246.85 0.0320477
2251.65 0.032042
2256.46 0.0320313
2261.26 0.0320157
2266.07 0.0319952
2270.87 0.0319701
2275.68 0.0319404
2280.48 0.0319062
2285.29 0.0318677
2290.09 0.031825
2294.89 0.0317782
2299.7 0.0317274
2304.5 0.0316727
2309.31 0.0316142
2314.11 0.0315521
2318.92 0.0314864
2323.72 0.0314172
2328.53 0.0313447
2333.33 0.031269
2338.14 0.0311901
2342.94 0.0311081
2347.75 0.0310233
2352.55 0.0309356
2357.36 0.0308451
2362.16 0.030752
2366.97 0.0306563
2371.77 0.0305582
2376.58 0.0304577
2381.38 0.0303549
2386.19 0.0302498
2390.99 0.0301427
2395.8 0.0300335
2400.6 0.0299224
2405.41 0.0298094
2410.21 0.0296946
2415.02 0.0295781
2419.82 0.02946
2424.62 0.0293402
2429.43 0.029219
2434.23 0.0290964
2439.04 0.0289724
2443.84 0.0288471
2448.65 0.0287206
2453.45 0.0285929
2458.26 0.0284641
2463.06 0.0283343
2467.87 0.0282035
2472.67 0.0280718
2477.48 0.0279393
2482.28 0.0278059
2487.09 0.0276718
2491.89 0.027537
2496.7 0.0274016
2501.5 0.0272656
2506.31 0.027129
2511.11 0.0269919
2515.92 0.0268544
2520.72 0.0267165
2525.53 0.0265782
2530.33 0.0264396
2535.14 0.0263008
2539.94 0.0261617
2544.74 0.0260224
2549.55 0.0258829
2554.35 0.0257433
2559.16 0.0256037
2563.96 0.025464
2568.77 0.0253243
2573.57 0.0251845
2578.38 0.0250449
2583.18 0.0249053
2587.99 0.0247658
2592.79 0.0246265
2597.6 0.0244873
2602.4 0.0243484
2607.21 0.0242096
2612.01 0.0240711
2616.82 0.0239328
2621.62 0.0237949
2626.43 0.0236572
2631.23 0.0235199
2636.04 0.023383
2640.84 0.0232464
2645.65 0.0231102
2650.45 0.0229745
2655.26 0.0228391
2660.06 0.0227042
2664.86 0.0225698
2669.67 0.0224359
2674.47 0.0223025
2679.28 0.0221695
2684.08 0.0220371
2688.89 0.0219053
2693.69 0.021774
2698.5 0.0216432
2703.3 0.0215131
2708.11 0.0213835
2712.91 0.0212545
2717.72 0.0211261
2722.52 0.0209984
2727.33 0.0208713
2732.13 0.0207448
2736.94 0.0206189
2741.74 0.0204937
2746.55 0.0203692
2751.35 0.0202453
2756.16 0.0201221
2760.96 0.0199996
2765.77 0.0198778
2770.57 0.0197566
2775.38 0.0196362
2780.18 0.0195164
2784.98 0.0193974
2789.79 0.019279
2794.59 0.0191614
2799.4 0.0190445
2804.2 0.0189283
2809.01 0.0188128
2813.81 0.018698
2818.62 0.018584
2823.42 0.0184706
2828.23 0.018358
2833.03 0.0182462
2837.84 0.018135
2842.64 0.0180246
2847.45 0.017915
2852.25 0.017806
2857.06 0.0176978
2861.86 0.0175903
2866.67 0.0174836
2871.47 0.0173775
2876.28 0.0172722
2881.08 0.0171677
2885.89 0.0170638
2890.69 0.0169607
2895.5 0.0168583
2900.3 0.0167566
2905.11 0.0166557
2909.91 0.0165555
2914.71 0.016456
2919.52 0.0163572
2924.32 0.0162591
2929.13 0.0161617
2933.93 0.0160651
2938.74 0.0159691
2943.54 0.0158739
2948.35 0.0157793
2953.15 0.0156855
2957.96 0.0155923
2962.76 0.0154999
2967.57 0.0154081
2972.37 0.015317
2977.18 0.0152266
2981.98 0.0151369
2986.79 0.0150479
2991.59 0.0149595
2996.4 0.0148718
3001.2 0.0147848
3006.01 0.0146984
3010.81 0.0146127
3015.62 0.0145276
3020.42 0.0144432
3025.23 0.0143595
3030.03 0.0142764
3034.83 0.0141939
3039.64 0.0141121
3044.44 0.0140309
3049.25 0.0139503
3054.05 0.0138703
3058.86 0.013791
3063.66 0.0137123
3068.47 0.0136342
3073.27 0.0135567
3078.08 0.0134798
3082.88 0.0134035
3087.69 0.0133278
3092.49 0.0132527
3097.3 0.0131782
3102.1 0.0131043
3106.91 0.0130309
3111.71 0.0129581
3116.52 0.0128859
3121.32 0.0128143
3126.13 0.0127432
3130.93 0.0126727
3135.74 0.0126027
3140.54 0.0125333
3145.35 0.0124644
3150.15 0.0123961
3154.95 0.0123283
3159.76 0.012261
3164.56 0.0121943
3169.37 0.0121281
3174.17 0.0120624
3178.98 0.0119972
3183.78 0.0119325
3188.59 0.0118684
3193.39 0.0118047
3198.2 0.0117416
3203 0.0116789
3207.81 0.0116168
3212.61 0.0115551
3217.42 0.0114939
3222.22 0.0114332
3227.03 0.011373
3231.83 0.0113132
3236.64 0.0112539
3241.44 0.0111951
3246.25 0.0111367
3251.05 0.0110788
3255.86 0.0110213
3260.66 0.0109643
3265.47 0.0109078
3270.27 0.0108516
3275.08 0.010796
3279.88 0.0107407
3284.68 0.0106859
3289.49 0.0106315
3294.29 0.0105775
3299.1 0.0105239
3303.9 0.0104708
3308.71 0.0104181
3313.51 0.0103658
3318.32 0.0103138
3323.12 0.0102623
3327.93 0.0102112
3332.73 0.0101605
3337.54 0.0101101
3342.34 0.0100602
3347.15 0.0100106
3351.95 0.00996145
3356.76 0.00991264
3361.56 0.00986421
3366.37 0.00981615
3371.17 0.00976846
3375.98 0.00972112
3380.78 0.00967415
3385.59 0.00962754
3390.39 0.00958128
3395.2 0.00953537
3400 0.00948981
3404.8 0.0094446
3409.61 0.00939973
3414.41 0.00935519
3419.22 0.00931099
3424.02 0.00926713
3428.83 0.00922359
3433.63 0.00918038
3438.44 0.0091375
3443.24 0.00909493
3448.05 0.00905269
3452.85 0.00901076
3457.66 0.00896914
3462.46 0.00892783
3467.27 0.00888683
3472.07 0.00884613
3476.88 0.00880574
3481.68 0.00876564
3486.49 0.00872584
3491.29 0.00868633
3496.1 0.00864712
3500.9 0.00860819
3505.71 0.00856954
3510.51 0.00853119
3515.32 0.00849311
3520.12 0.00845531
3524.92 0.00841778
3529.73 0.00838053
3534.53 0.00834355
3539.34 0.00830683
3544.14 0.00827039
3548.95 0.0082342
3553.75 0.00819828
3558.56 0.00816262
3563.36 0.00812721
3568.17 0.00809206
3572.97 0.00805716
3577.78 0.00802251
3582.58 0.00798811
3587.39 0.00795395
3592.19 0.00792003
3597 0.00788636
3601.8 0.00785292
3606.61 0.00781973
3611.41 0.00778676
3616.22 0.00775403
3621.02 0.00772153
3625.83 0.00768926
3630.63 0.00765722
3635.44 0.0076254
3640.24 0.0075938
3645.05 0.00756242
3649.85 0.00753126
3654.65 0.00750032
3659.46 0.00746959
3664.26 0.00743908
3669.07 0.00740878
3673.87 0.00737868
3678.68 0.0073488
3683.48 0.00731912
3688.29 0.00728964
3693.09 0.00726037
3697.9 0.00723129
3702.7 0.00720242
3707.51 0.00717374
3712.31 0.00714525
3717.12 0.00711696
3721.92 0.00708886
3726.73 0.00706095
3731.53 0.00703323
3736.34 0.0070057
3741.14 0.00697835
3745.95 0.00695119
3750.75 0.00692421
3755.56 0.0068974
3760.36 0.00687078
3765.17 0.00684433
3769.97 0.00681806
3774.77 0.00679197
3779.58 0.00676605
3784.38 0.0067403
3789.19 0.00671471
3793.99 0.0066893
3798.8 0.00666406
3803.6 0.00663898
3808.41 0.00661406
3813.21 0.00658931
3818.02 0.00656472
3822.82 0.00654029
3827.63 0.00651601
3832.43 0.0064919
3837.24 0.00646794
3842.04 0.00644414
3846.85 0.00642049
3851.65 0.00639699
3856.46 0.00637364
3861.26 0.00635044
3866.07 0.00632739
3870.87 0.00630449
3875.68 0.00628174
3880.48 0.00625913
3885.29 0.00623666
3890.09 0.00621433
3894.89 0.00619215
3899.7 0.00617011
3904.5 0.0061482
3909.31 0.00612644
3914.11 0.00610481
3918.92 0.00608331
3923.72 0.00606195
3928.53 0.00604072
3933.33 0.00601963
3938.14 0.00599867
3942.94 0.00597783
3947.75 0.00595713
3952.55 0.00593655
3957.36 0.0059161
3962.16 0.00589578
3966.97 0.00587558
3971.77 0.00585551
3976.58 0.00583555
3981.38 0.00581572
3986.19 0.00579602
3990.99 0.00577643
3995.8 0.00575696
4000.6 0.0057376
4005.41 0.00571837
4010.21 0.00569925
4015.02 0.00568025
4019.82 0.00566136
4024.62 0.00564258
4029.43 0.00562392
4034.23 0.00560537
4039.04 0.00558692
4043.84 0.00556859
4048.65 0.00555037
4053.45 0.00553226
4058.26 0.00551425
4063.06 0.00549635
4067.87 0.00547856
4072.67 0.00546087
4077.48 0.00544328
4082.28 0.0054258
4087.09 0.00540842
4091.89 0.00539114
4096.7 0.00537396
4101.5 0.00535688
4106.31 0.0053399
4111.11 0.00532302
4115.92 0.00530624
4120.72 0.00528955
4125.53 0.00527296
4130.33 0.00525647
4135.14 0.00524007
4139.94 0.00522377
4144.74 0.00520755
4149.55 0.00519143
4154.35 0.00517541
4159.16 0.00515947
4163.96 0.00514362
4168.77 0.00512787
4173.57 0.0051122
4178.38 0.00509662
4183.18 0.00508113
4187.99 0.00506573
4192.79 0.00505041
4197.6 0.00503518
4202.4 0.00502003
4207.21 0.00500497
4212.01 0.00498999
4216.82 0.0049751
4221.62 0.00496028
4226.43 0.00494555
4231.23 0.0049309
4236.04 0.00491634
4240.84 0.00490185
4245.65 0.00488744
4250.45 0.00487311
4255.26 0.00485886
4260.06 0.00484469
4264.86 0.00483059
4269.67 0.00481657
4274.47 0.00480263
4279.28 0.00478876
4284.08 0.00477497
4288.89 0.00476125
4293.69 0.00474761
4298.5 0.00473404
4303.3 0.00472054
4308.11 0.00470711
4312.91 0.00469376
4317.72 0.00468048
4322.52 0.00466727
4327.33 0.00465413
4332.13 0.00464106
4336.94 0.00462805
4341.74 0.00461512
4346.55 0.00460226
4351.35 0.00458946
4356.16 0.00457673
4360.96 0.00456407
4365.77 0.00455147
4370.57 0.00453894
4375.38 0.00452647
4380.18 0.00451407
4384.98 0.00450174
4389.79 0.00448946
4394.59 0.00447726
4399.4 0.00446511
4404.2 0.00445303
4409.01 0.00444101
4413.81 0.00442905
4418.62 0.00441715
4423.42 0.00440532
4428.23 0.00439354
4433.03 0.00438182
4437.84 0.00437017
4442.64 0.00435857
4447.45 0.00434703
4452.25 0.00433555
4457.06 0.00432413
4461.86 0.00431277
4466.67 0.00430146
4471.47 0.00429021
4476.28 0.00427902
4481.08 0.00426788
4485.89 0.0042568
4490.69 0.00424577
4495.5 0.0042348
4500.3 0.00422388
4505.11 0.00421302
4509.91 0.00420221
4514.71 0.00419145
4519.52 0.00418075
4524.32 0.0041701
4529.13 0.0041595
4533.93 0.00414896
4538.74 0.00413846
4543.54 0.00412802
4548.35 0.00411763
4553.15 0.00410729
4557.96 0.00409699
4562.76 0.00408675
4567.57 0.00407656
4572.37 0.00406642
4577.18 0.00405632
4581.98 0.00404628
4586.79 0.00403628
4591.59 0.00402633
4596.4 0.00401643
4601.2 0.00400658
4606.01 0.00399677
4610.81 0.00398701
4615.62 0.0039773
4620.42 0.00396763
4625.23 0.00395801
4630.03 0.00394843
4634.83 0.0039389
4639.64 0.00392941
4644.44 0.00391997
4649.25 0.00391057
4654.05 0.00390122
4658.86 0.00389191
4663.66 0.00388264
4668.47 0.00387342
4673.27 0.00386424
4678.08 0.0038551
4682.88 0.003846
4687.69 0.00383695
4692.49 0.00382794
4697.3 0.00381897
4702.1 0.00381004
4706.91 0.00380115
4711.71 0.0037923
4716.52 0.00378349
4721.32 0.00377472
4726.13 0.003766
4730.93 0.00375731
4735.74 0.00374866
4740.54 0.00374005
4745.35 0.00373148
4750.15 0.00372295
4754.95 0.00371446
4759.76 0.003706
4764.56 0.00369758
4769.37 0.0036892
4774.17 0.00368086
4778.98 0.00367256
4783.78 0.00366429
4788.59 0.00365606
4793.39 0.00364786
4798.2 0.0036397
4803 0.00363158
4807.81 0.00362349
4812.61 0.00361544
4817.42 0.00360743
4822.22 0.00359945
4827.03 0.0035915
4831.83 0.00358359
4836.64 0.00357571
4841.44 0.00356787
4846.25 0.00356006
4851.05 0.00355229
4855.86 0.00354455
4860.66 0.00353684
4865.47 0.00352917
4870.27 0.00352153
4875.08 0.00351392
4879.88 0.00350634
4884.68 0.0034988
4889.49 0.00349129
4894.29 0.00348381
4899.1 0.00347636
4903.9 0.00346895
4908.71 0.00346157
4913.51 0.00345421
4918.32 0.00344689
4923.12 0.0034396
4927.93 0.00343234
4932.73 0.00342511
4937.54 0.00341791
4942.34 0.00341074
4947.15 0.00340361
4951.95 0.0033965
4956.76 0.00338942
4961.56 0.00338237
4966.37 0.00337535
4971.17 0.00336836
4975.98 0.00336139
4980.78 0.00335446
4985.59 0.00334755
4990.39 0.00334068
4995.2 0.00333383
5000 0.00332701
