-5000 0.000457452
-4995.2 0.000457654
-4990.39 0.000457856
-4985.59 0.000458059
-4980.78 0.000458262
-4975.98 0.000458465
-4971.17 0.000458669
-4966.37 0.000458872
-4961.56 0.000459077
-4956.76 0.000459281
-4951.95 0.000459486
-4947.15 0.000459691
-4942.34 0.000459896
-4937.54 0.000460102
-4932.73 0.000460308
-4927.93 0.000460514
-4923.12 0.00046072
-4918.32 0.000460927
-4913.51 0.000461134
-4908.71 0.000461342
-4903.9 0.000461549
-4899.1 0.000461757
-4894.29 0.000461965
-4889.49 0.000462174
-4884.68 0.000462382
-4879.88 0.000462591
-4875.08 0.000462801
-4870.27 0.00046301
-4865.47 0.00046322
-4860.66 0.000463429
-4855.86 0.00046364
-4851.05 0.00046385
-4846.25 0.000464061
-4841.44 0.000464271
-4836.64 0.000464483
-4831.83 0.000464694
-4827.03 0.000464905
-4822.22 0.000465117
-4817.42 0.000465329
-4812.61 0.000465541
-4807.81 0.000465753
-4803 0.000465966
-4798.2 0.000466179
-4793.39 0.000466392
-4788.59 0.000466605
-4783.78 0.000466818
-4778.98 0.000467031
-4774.17 0.000467245
-4769.37 0.000467459
-4764.56 0.000467673
-4759.76 0.000467887
-4754.95 0.000468102
-4750.15 0.000468316
-4745.35 0.000468531
-4740.54 0.000468746
-4735.74 0.000468961
-4730.93 0.000469177
-4726.13 0.000469392
-4721.32 0.000469608
-4716.52 0.000469823
-4711.71 0.000470039
-4706.91 0.000470256
-4702.1 0.000470472
-4697.3 0.000470688
-4692.49 0.000470905
-4687.69 0.000471122
-4682.88 0.000471339
-4678.08 0.000471556
-4673.27 0.000471773
-4668.47 0.000471991
-4663.66 0.000472209
-4658.86 0.000472427
-4654.05 0.000472645
-4649.25 0.000472863
-4644.44 0.000473081
-4639.64 0.0004733
-4634.83 0.000473519
-4630.03 0.000473738
-4625.23 0.000473957
-4620.42 0.000474177
-4615.62 0.000474396
-4610.81 0.000474616
-4606.01 0.000474836
-4601.2 0.000475057
-4596.4 0.000475277
-4591.59 0.000475498
-4586.79 0.000475719
-4581.98 0.00047594
-4577.18 0.000476162
-4572.37 0.000476384
-4567.57 0.000476606
-4562.76 0.000476828
-4557.96 0.000477051
-4553.15 0.000477274
-4548.35 0.000477498
-4543.54 0.000477721
-4538.74 0.000477946
-4533.93 0.00047817
-4529.13 0.000478395
-4524.32 0.00047862
-4519.52 0.000478846
-4514.71 0.000479072
-4509.91 0.000479298
-4505.11 0.000479525
-4500.3 0.000479753
-4495.5 0.000479981
-4490.69 0.000480209
-4485.89 0.000480438
-4481.08 0.000480667
-4476.28 0.000480897
-4471.47 0.000481128
-4466.67 0.000481359
-4461.86 0.000481591
-4457.06 0.000481823
-4452.25 0.000482057
-4447.45 0.000482291
-4442.64 0.000482525
-4437.84 0.00048276
-4433.03 0.000482997
-4428.23 0.000483234
-4423.42 0.000483471
-4418.62 0.00048371
-4413.81 0.000483949
-4409.01 0.00048419
-4404.2 0.000484431
-4399.4 0.000484674
-4394.59 0.000484917
-4389.79 0.000485162
-4384.98 0.000485407
-4380.18 0.000485654
-4375.38 0.000485902
-4370.57 0.000486151
-4365.77 0.000486401
-4360.96 0.000486653
-4356.16 0.000486906
-4351.35 0.00048716
-4346.55 0.000487416
-4341.74 0.000487674
-4336.94 0.000487932
-4332.13 0.000488193
-4327.33 0.000488455
-4322.52 0.000488718
-4317.72 0.000488984
-4312.91 0.000489251
-4308.11 0.00048952
-4303.3 0.000489791
-4298.5 0.000490064
-4293.69 0.000490339
-4288.89 0.000490616
-4284.08 0.000490895
-4279.28 0.000491176
-4274.47 0.000491459
-4269.67 0.000491745
-4264.86 0.000492033
-4260.06 0.000492324
-4255.26 0.000492617
-4250.45 0.000492913
-4245.65 0.000493211
-4240.84 0.000493513
-4236.04 0.000493817
-4231.23 0.000494124
-4226.43 0.000494433
-4221.62 0.000494746
-4216.82 0.000495062
-4212.01 0.000495382
-4207.21 0.000495704
-4202.4 0.00049603
-4197.6 0.00049636
-4192.79 0.000496693
-4187.99 0.00049703
-4183.18 0.00049737
-4178.38 0.000497715
-4173.57 0.000498063
-4168.77 0.000498415
-4163.96 0.000498772
-4159.16 0.000499133
-4154.35 0.000499498
-4149.55 0.000499868
-4144.74 0.000500242
-4139.94 0.000500621
-4135.14 0.000501005
-4130.33 0.000501393
-4125.53 0.000501787
-4120.72 0.000502186
-4115.92 0.00050259
-4111.11 0.000503
-4106.31 0.000503415
-4101.5 0.000503836
-4096.7 0.000504263
-4091.89 0.000504695
-4087.09 0.000505134
-4082.28 0.000505579
-4077.48 0.00050603
-4072.67 0.000506488
-4067.87 0.000506952
-4063.06 0.000507423
-4058.26 0.000507901
-4053.45 0.000508386
-4048.65 0.000508878
-4043.84 0.000509378
-4039.04 0.000509885
-4034.23 0.0005104
-4029.43 0.000510922
-4024.62 0.000511453
-4019.82 0.000511992
-4015.02 0.000512539
-4010.21 0.000513094
-4005.41 0.000513659
-4000.6 0.000514232
-3995.8 0.000514814
-3990.99 0.000515406
-3986.19 0.000516006
-3981.38 0.000516617
-3976.58 0.000517237
-3971.77 0.000517867
-3966.97 0.000518507
-3962.16 0.000519158
-3957.36 0.000519819
-3952.55 0.000520491
-3947.75 0.000521174
-3942.94 0.000521868
-3938.14 0.000522573
-3933.33 0.00052329
-3928.53 0.000524019
-3923.72 0.00052476
-3918.92 0.000525513
-3914.11 0.000526278
-3909.31 0.000527056
-3904.5 0.000527847
-3899.7 0.000528651
-3894.89 0.000529469
-3890.09 0.0005303
-3885.29 0.000531145
-3880.48 0.000532004
-3875.68 0.000532877
-3870.87 0.000533765
-3866.07 0.000534667
-3861.26 0.000535585
-3856.46 0.000536518
-3851.65 0.000537466
-3846.85 0.00053843
-3842.04 0.000539411
-3837.24 0.000540407
-3832.43 0.000541421
-3827.63 0.000542451
-3822.82 0.000543498
-3818.02 0.000544563
-3813.21 0.000545646
-3808.41 0.000546746
-3803.6 0.000547865
-3798.8 0.000549002
-3793.99 0.000550158
-3789.19 0.000551334
-3784.38 0.000552529
-3779.58 0.000553743
-3774.77 0.000554978
-3769.97 0.000556233
-3765.17 0.000557508
-3760.36 0.000558805
-3755.56 0.000560123
-3750.75 0.000561462
-3745.95 0.000562824
-3741.14 0.000564207
-3736.34 0.000565613
-3731.53 0.000567043
-3726.73 0.000568495
-3721.92 0.000569971
-3717.12 0.000571471
-3712.31 0.000572995
-3707.51 0.000574544
-3702.7 0.000576117
-3697.9 0.000577716
-3693.09 0.000579341
-3688.29 0.000580991
-3683.48 0.000582668
-3678.68 0.000584372
-3673.87 0.000586103
-3669.07 0.000587861
-3664.26 0.000589647
-3659.46 0.000591462
-3654.65 0.000593304
-3649.85 0.000595176
-3645.05 0.000597078
-3640.24 0.000599009
-3635.44 0.00060097
-3630.63 0.000602961
-3625.83 0.000604984
-3621.02 0.000607038
-3616.22 0.000609124
-3611.41 0.000611242
-3606.61 0.000613392
-3601.8 0.000615576
-3597 0.000617792
-3592.19 0.000620043
-3587.39 0.000622328
-3582.58 0.000624648
-3577.78 0.000627003
-3572.97 0.000629393
-3568.17 0.000631819
-3563.36 0.000634282
-3558.56 0.000636782
-3553.75 0.000639319
-3548.95 0.000641894
-3544.14 0.000644507
-3539.34 0.000647159
-3534.53 0.00064985
-3529.73 0.000652581
-3524.92 0.000655351
-3520.12 0.000658163
-3515.32 0.000661015
-3510.51 0.00066391
-3505.71 0.000666846
-3500.9 0.000669825
-3496.1 0.000672846
-3491.29 0.000675912
-3486.49 0.000679021
-3481.68 0.000682176
-3476.88 0.000685375
-3472.07 0.000688619
-3467.27 0.00069191
-3462.46 0.000695248
-3457.66 0.000698633
-3452.85 0.000702065
-3448.05 0.000705546
-3443.24 0.000709075
-3438.44 0.000712654
-3433.63 0.000716283
-3428.83 0.000719962
-3424.02 0.000723692
-3419.22 0.000727474
-3414.41 0.000731307
-3409.61 0.000735194
-3404.8 0.000739133
-3400 0.000743127
-3395.2 0.000747175
-3390.39 0.000751277
-3385.59 0.000755436
-3380.78 0.00075965
-3375.98 0.000763921
-3371.17 0.000768249
-3366.37 0.000772636
-3361.56 0.00077708
-3356.76 0.000781584
-3351.95 0.000786148
-3347.15 0.000790772
-3342.34 0.000795456
-3337.54 0.000800203
-3332.73 0.000805011
-3327.93 0.000809882
-3323.12 0.000814816
-3318.32 0.000819815
-3313.51 0.000824877
-3308.71 0.000830005
-3303.9 0.000835199
-3299.1 0.000840459
-3294.29 0.000845787
-3289.49 0.000851181
-3284.68 0.000856644
-3279.88 0.000862176
-3275.08 0.000867778
-3270.27 0.000873449
-3265.47 0.000879191
-3260.66 0.000885004
-3255.86 0.000890889
-3251.05 0.000896847
-3246.25 0.000902878
-3241.44 0.000908982
-3236.64 0.00091516
-3231.83 0.000921414
-3227.03 0.000927742
-3222.22 0.000934147
-3217.42 0.000940628
-3212.61 0.000947185
-3207.81 0.000953821
-3203 0.000960534
-3198.2 0.000967326
-3193.39 0.000974197
-3188.59 0.000981148
-3183.78 0.000988178
-3178.98 0.000995289
-3174.17 0.00100248
-3169.37 0.00100975
-3164.56 0.00101711
-3159.76 0.00102455
-3154.95 0.00103207
-3150.15 0.00103967
-3145.35 0.00104735
-3140.54 0.00105512
-3135.74 0.00106297
-3130.93 0.00107091
-3126.13 0.00107893
-3121.32 0.00108704
-3116.52 0.00109523
-3111.71 0.0011035
-3106.91 0.00111186
-3102.1 0.0011203
-3097.3 0.00112883
-3092.49 0.00113744
-3087.69 0.00114614
-3082.88 0.00115492
-3078.08 0.00116379
-3073.27 0.00117274
-3068.47 0.00118177
-3063.66 0.00119089
-3058.86 0.00120009
-3054.05 0.00120938
-3049.25 0.00121875
-3044.44 0.0012282
-3039.64 0.00123773
-3034.83 0.00124734
-3030.03 0.00125703
-3025.23 0.0012668
-3020.42 0.00127665
-3015.62 0.00128657
-3010.81 0.00129657
-3006.01 0.00130665
-3001.2 0.0013168
-2996.4 0.00132703
-2991.59 0.00133732
-2986.79 0.00134769
-2981.98 0.00135812
-2977.18 0.00136863
-2972.37 0.00137919
-2967.57 0.00138982
-2962.76 0.00140051
-2957.96 0.00141126
-2953.15 0.00142207
-2948.35 0.00143294
-2943.54 0.00144385
-2938.74 0.00145482
-2933.93 0.00146583
-2929.13 0.00147689
-2924.32 0.00148799
-2919.52 0.00149912
-2914.71 0.0015103
-2909.91 0.0015215
-2905.11 0.00153274
-2900.3 0.001544
-2895.5 0.00155528
-2890.69 0.00156658
-2885.89 0.00157789
-2881.08 0.00158922
-2876.28 0.00160054
-2871.47 0.00161187
-2866.67 0.0016232
-2861.86 0.00163451
-2857.06 0.00164581
-2852.25 0.00165709
-2847.45 0.00166835
-2842.64 0.00167958
-2837.84 0.00169077
-2833.03 0.00170192
-2828.23 0.00171303
-2823.42 0.00172407
-2818.62 0.00173506
-2813.81 0.00174599
-2809.01 0.00175683
-2804.2 0.0017676
-2799.4 0.00177828
-2794.59 0.00178886
-2789.79 0.00179934
-2784.98 0.00180972
-2780.18 0.00181997
-2775.38 0.00183009
-2770.57 0.00184008
-2765.77 0.00184993
-2760.96 0.00185963
-2756.16 0.00186916
-2751.35 0.00187852
-2746.55 0.00188771
-2741.74 0.00189671
-2736.94 0.0019055
-2732.13 0.0019141
-2727.33 0.00192247
-2722.52 0.00193062
-2717.72 0.00193853
-2712.91 0.00194619
-2708.11 0.00195359
-2703.3 0.00196073
-2698.5 0.00196758
-2693.69 0.00197415
-2688.89 0.00198041
-2684.08 0.00198636
-2679.28 0.00199199
-2674.47 0.00199729
-2669.67 0.00200224
-2664.86 0.00200684
-2660.06 0.00201106
-2655.26 0.00201491
-2650.45 0.00201837
-2645.65 0.00202143
-2640.84 0.00202408
-2636.04 0.0020263
-2631.23 0.00202809
-2626.43 0.00202943
-2621.62 0.00203032
-2616.82 0.00203074
-2612.01 0.00203068
-2607.21 0.00203014
-2602.4 0.00202909
-2597.6 0.00202754
-2592.79 0.00202547
-2587.99 0.00202287
-2583.18 0.00201973
-2578.38 0.00201604
-2573.57 0.0020118
-2568.77 0.002007
-2563.96 0.00200162
-2559.16 0.00199567
-2554.35 0.00198913
-2549.55 0.00198199
-2544.74 0.00197425
-2539.94 0.00196591
-2535.14 0.00195696
-2530.33 0.0019474
-2525.53 0.00193721
-2520.72 0.0019264
-2515.92 0.00191497
-2511.11 0.00190291
-2506.31 0.00189022
-2501.5 0.00187691
-2496.7 0.00186296
-2491.89 0.00184839
-2487.09 0.0018332
-2482.28 0.00181738
-2477.48 0.00180095
-2472.67 0.0017839
-2467.87 0.00176625
-2463.06 0.001748
-2458.26 0.00172916
-2453.45 0.00170974
-2448.65 0.00168974
-2443.84 0.00166919
-2439.04 0.00164809
-2434.23 0.00162645
-2429.43 0.0016043
-2424.62 0.00158165
-2419.82 0.00155852
-2415.02 0.00153492
-2410.21 0.00151088
-2405.41 0.00148642
-2400.6 0.00146156
-2395.8 0.00143633
-2390.99 0.00141075
-2386.19 0.00138486
-2381.38 0.00135867
-2376.58 0.00133222
-2371.77 0.00130554
-2366.97 0.00127867
-2362.16 0.00125164
-2357.36 0.00122448
-2352.55 0.00119724
-2347.75 0.00116995
-2342.94 0.00114265
-2338.14 0.00111538
-2333.33 0.00108819
-2328.53 0.00106112
-2323.72 0.00103421
-2318.92 0.00100752
-2314.11 0.000981079
-2309.31 0.000954948
-2304.5 0.000929172
-2299.7 0.000903803
-2294.89 0.000878891
-2290.09 0.000854488
-2285.29 0.000830647
-2280.48 0.000807419
-2275.68 0.000784859
-2270.87 0.00076302
-2266.07 0.000741957
-2261.26 0.000721722
-2256.46 0.000702371
-2251.65 0.000683956
-2246.85 0.000666532
-2242.04 0.000650152
-2237.24 0.000634867
-2232.43 0.000620729
-2227.63 0.000607789
-2222.82 0.000596096
-2218.02 0.000585699
-2213.21 0.000576644
-2208.41 0.000568975
-2203.6 0.000562737
-2198.8 0.000557969
-2193.99 0.00055471
-2189.19 0.000552997
-2184.38 0.000552862
-2179.58 0.000554335
-2174.77 0.000557445
-2169.97 0.000562213
-2165.17 0.000568661
-2160.36 0.000576805
-2155.56 0.000586656
-2150.75 0.000598223
-2145.95 0.000611508
-2141.14 0.00062651
-2136.34 0.000643222
-2131.53 0.000661633
-2126.73 0.000681727
-2121.92 0.000703479
-2117.12 0.000726863
-2112.31 0.000751844
-2107.51 0.000778382
-2102.7 0.000806431
-2097.9 0.000835939
-2093.09 0.000866845
-2088.29 0.000899087
-2083.48 0.00093259
-2078.68 0.000967278
-2073.87 0.00100306
-2069.07 0.00103986
-2064.26 0.00107756
-2059.46 0.00111608
-2054.65 0.00115528
-2049.85 0.00119507
-2045.05 0.0012353
-2040.24 0.00127587
-2035.44 0.00131663
-2030.63 0.00135745
-2025.83 0.00139817
-2021.02 0.00143866
-2016.22 0.00147876
-2011.41 0.00151831
-2006.61 0.00155716
-2001.8 0.00159513
-1997 0.00163208
-1992.19 0.00166784
-1987.39 0.00170223
-1982.58 0.00173509
-1977.78 0.00176627
-1972.97 0.0017956
-1968.17 0.00182292
-1963.36 0.00184807
-1958.56 0.0018709
-1953.75 0.00189127
-1948.95 0.00190903
-1944.14 0.00192407
-1939.34 0.00193624
-1934.53 0.00194545
-1929.73 0.00195159
-1924.92 0.00195456
-1920.12 0.0019543
-1915.32 0.00195073
-1910.51 0.00194381
-1905.71 0.00193351
-1900.9 0.00191981
-1896.1 0.00190271
-1891.29 0.00188224
-1886.49 0.00185844
-1881.68 0.00183136
-1876.88 0.0018011
-1872.07 0.00176775
-1867.27 0.00173145
-1862.46 0.00169233
-1857.66 0.00165057
-1852.85 0.00160637
-1848.05 0.00155993
-1843.24 0.0015115
-1838.44 0.00146133
-1833.63 0.0014097
-1828.83 0.0013569
-1824.02 0.00130327
-1819.22 0.00124911
-1814.41 0.0011948
-1809.61 0.00114069
-1804.8 0.00108715
-1800 0.00103457
-1795.2 0.000983332
-1790.39 0.000933843
-1785.59 0.000886493
-1780.78 0.000841678
-1775.98 0.000799787
-1771.17 0.000761201
-1766.37 0.000726288
-1761.56 0.000695403
-1756.76 0.000668876
-1751.95 0.000647019
-1747.15 0.000630113
-1742.34 0.000618408
-1737.54 0.000612119
-1732.73 0.000611422
-1727.93 0.000616449
-1723.12 0.000627287
-1718.32 0.000643973
-1713.51 0.000666491
-1708.71 0.00069477
-1703.9 0.000728683
-1699.1 0.000768043
-1694.29 0.000812603
-1689.49 0.000862055
-1684.68 0.000916032
-1679.88 0.000974106
-1675.08 0.00103579
-1670.27 0.00110055
-1665.47 0.00116777
-1660.66 0.00123683
-1655.86 0.00130704
-1651.05 0.00137765
-1646.25 0.00144793
-1641.44 0.00151708
-1636.64 0.00158431
-1631.83 0.00164881
-1627.03 0.00170978
-1622.22 0.00176642
-1617.42 0.00181796
-1612.61 0.00186367
-1607.81 0.00190286
-1603 0.00193491
-1598.2 0.00195924
-1593.39 0.00197539
-1588.59 0.00198295
-1583.78 0.00198164
-1578.98 0.00197129
-1574.17 0.00195184
-1569.37 0.00192336
-1564.56 0.00188606
-1559.76 0.00184028
-1554.95 0.00178651
-1550.15 0.00172535
-1545.35 0.00165758
-1540.54 0.00158408
-1535.74 0.00150587
-1530.93 0.00142407
-1526.13 0.00133993
-1521.32 0.00125475
-1516.52 0.00116994
-1511.71 0.00108691
-1506.91 0.00100713
-1502.1 0.00093207
-1497.3 0.000863151
-1492.49 0.000801753
-1487.69 0.00074917
-1482.88 0.00070658
-1478.08 0.00067502
-1473.27 0.000655355
-1468.47 0.000648249
-1463.66 0.000654148
-1458.86 0.000673249
-1454.05 0.00070549
-1449.25 0.000750531
-1444.44 0.000807751
-1439.64 0.000876241
-1434.83 0.000954814
-1430.03 0.00104201
-1425.23 0.00113612
-1420.42 0.00123521
-1415.62 0.00133714
-1410.81 0.00143964
-1406.01 0.00154033
-1401.2 0.00163676
-1396.4 0.00172651
-1391.59 0.00180722
-1386.79 0.00187667
-1381.98 0.00193283
-1377.18 0.00197395
-1372.37 0.0019986
-1367.57 0.00200576
-1362.76 0.00199483
-1357.96 0.0019657
-1353.15 0.00191877
-1348.35 0.00185498
-1343.54 0.0017758
-1338.74 0.00168322
-1333.93 0.00157972
-1329.13 0.00146821
-1324.32 0.00135199
-1319.52 0.00123463
-1314.71 0.0011199
-1309.91 0.00101161
-1305.11 0.000913536
-1300.3 0.000829265
-1295.5 0.000762042
-1290.69 0.00071465
-1285.89 0.000689277
-1281.08 0.000687401
-1276.28 0.00070969
-1271.47 0.000755929
-1266.67 0.000824975
-1261.86 0.000914749
-1257.06 0.00102226
-1252.25 0.00114368
-1247.45 0.00127443
-1242.64 0.00140938
-1237.84 0.00154296
-1233.03 0.00166946
-1228.23 0.00178322
-1223.42 0.0018789
-1218.62 0.00195177
-1213.81 0.00199793
-1209.01 0.0020146
-1204.2 0.00200027
-1199.4 0.00195489
-1194.59 0.00187995
-1189.79 0.00177849
-1184.98 0.00165507
-1180.18 0.00151558
-1175.38 0.00136704
-1170.57 0.00121727
-1165.77 0.0010745
-1160.96 0.000946941
-1156.16 0.000842282
-1151.35 0.00076723
-1146.55 0.000727028
-1141.74 0.000725043
-1136.94 0.000762437
-1132.13 0.000837948
-1127.33 0.000947816
-1122.52 0.00108587
-1117.72 0.00124378
-1112.91 0.00141151
-1108.11 0.00157785
-1103.3 0.00173121
-1098.5 0.00186037
-1093.69 0.00195536
-1088.89 0.0020083
-1084.08 0.00201413
-1079.28 0.00197118
-1074.47 0.00188155
-1069.67 0.00175121
-1064.86 0.00158972
-1060.06 0.00140972
-1055.26 0.001226
-1050.45 0.00105441
-1045.65 0.000910468
-1040.84 0.000807946
-1036.04 0.000757467
-1031.23 0.000765277
-1026.43 0.000832336
-1021.62 0.000953859
-1016.82 0.00111939
-1012.01 0.00131346
-1007.21 0.00151691
-1002.4 0.00170859
-997.598 0.00186759
-992.793 0.00197558
-987.988 0.00201904
-983.183 0.00199122
-978.378 0.00189338
-973.574 0.0017353
-968.769 0.00153459
-963.964 0.00131513
-959.159 0.00110442
-954.354 0.00093025
-949.55 0.000816954
-944.745 0.000781853
-939.94 0.000832283
-935.135 0.000963796
-930.33 0.00115992
-925.526 0.00139371
-920.721 0.00163107
-915.916 0.00183552
-911.111 0.00197384
-906.306 0.00202178
-901.502 0.00196872
-896.697 0.00182065
-891.892 0.00160032
-887.087 0.0013446
-882.282 0.00109878
-877.477 0.000908829
-872.673 0.000812681
-867.868 0.000832145
-863.063 0.000967263
-858.258 0.00119455
-853.453 0.00146997
-848.649 0.00173673
-843.844 0.00193669
-839.039 0.00202328
-834.234 0.00197319
-829.429 0.0017938
-824.625 0.00152396
-819.82 0.00122704
-815.015 0.000976947
-810.21 0.000839879
-805.405 0.000856083
-800.601 0.00102667
-795.796 0.00130996
-790.991 0.00162964
-786.186 0.00189421
-781.381 0.00202306
-776.577 0.00197231
-771.772 0.00175189
-766.967 0.00142711
-762.162 0.00110185
-757.357 0.000886629
-752.553 0.000860546
-747.748 0.00104004
-742.943 0.00136715
-738.138 0.00172466
-733.333 0.00197611
-728.529 0.00201844
-723.724 0.00182718
-718.919 0.00147406
-714.114 0.00110509
-709.309 0.000882742
-704.505 0.00091364
-699.7 0.00119332
-694.895 0.00159785
-690.09 0.00193357
-685.285 0.00202878
-680.48 0.00182546
-675.676 0.00142144
-670.871 0.0010316
-666.066 0.000877349
-661.261 0.00105797
-656.456 0.00147894
-651.652 0.00189113
-646.847 0.00203385
-642.042 0.00180435
-637.237 0.00134288
-632.432 0.000959961
-627.628 0.000931786
-622.823 0.00129361
-618.018 0.00178845
-613.213 0.00203771
-608.408 0.00183303
-603.604 0.00132644
-598.799 0.00093787
-593.994 0.00101348
-589.189 0.0015041
-584.384 0.00196989
-579.58 0.00196351
-574.775 0.00147394
-569.97 0.00098371
-565.165 0.00101061
-560.36 0.00154658
-555.556 0.00201123
-550.751 0.00186524
-545.946 0.00126101
-541.141 0.000927481
-536.336 0.00130069
-531.532 0.00191824
-526.727 0.00195318
-521.922 0.00133675
-517.117 0.00093811
-512.312 0.00136181
-507.508 0.00198546
-502.703 0.00182503
-497.898 0.00111931
-493.093 0.00105
-488.288 0.00176135
-483.483 0.00199242
-478.679 0.0012985
-473.874 0.000993559
-469.069 0.0016987
-464.264 0.00199324
-459.459 0.00124334
-454.655 0.00106929
-449.85 0.00188038
-445.045 0.00180787
-440.24 0.00101211
-435.435 0.00145735
-430.631 0.00202608
-425.826 0.00122536
-421.021 0.00121726
-416.216 0.0020312
-411.411 0.00133693
-406.607 0.0011888
-401.802 0.00203347
-396.997 0.00124033
-392.192 0.00136679
-387.387 0.00197942
-382.583 0.00103085
-377.778 0.0018074
-372.973 0.00153866
-368.168 0.00124389
-363.363 0.00196888
-358.559 0.00102674
-353.754 0.00200935
-348.949 0.00110016
-344.144 0.00190381
-339.339 0.00119253
-334.535 0.00186518
-329.73 0.00117379
-324.925 0.00194429
-320.12 0.00107221
-315.315 0.00201475
-310.511 0.00114014
-305.706 0.00171237
-300.901 0.00170376
-296.096 0.00110139
-291.291 0.00192017
-286.486 0.0016275
-281.682 0.00108596
-276.877 0.00166142
-272.072 0.00198853
-267.267 0.00152642
-262.462 0.00112325
-257.658 0.00120429
-252.853 0.00151546
-248.048 0.00176747
-243.243 0.00188874
-238.438 0.00191942
-233.634 0.00188616
-228.829 0.00175575
-224.024 0.00147685
-219.219 0.00117323
-214.414 0.00131207
-209.61 0.00190789
-204.805 0.00159212
-200 0.00128267
